1,1,536.64,28.69,93.90,78.55,0.94,-1,-1,-1
1,2,956.88,80.33,45.13,33.44,0.92,-1,-1,-1
1,3,481.09,94.45,79.35,62.54,0.80,-1,-1,-1
1,4,600.04,85.51,64.06,63.19,0.77,-1,-1,-1
2,2,954.52,81.50,44.95,33.07,0.91,-1,-1,-1
2,1,516.28,31.35,104.97,86.95,0.91,-1,-1,-1
2,4,579.48,97.86,69.56,71.57,0.85,-1,-1,-1
2,3,446.96,111.58,89.63,68.57,0.83,-1,-1,-1
3,1,493.56,33.44,117.27,101.56,0.95,-1,-1,-1
3,2,954.85,80.66,45.06,33.70,0.92,-1,-1,-1
3,4,543.20,115.62,82.16,89.51,0.90,-1,-1,-1
3,3,390.77,133.07,106.64,87.92,0.87,-1,-1,-1
4,1,461.46,40.07,133.59,112.94,0.93,-1,-1,-1
4,4,477.24,149.42,111.28,120.15,0.92,-1,-1,-1
4,2,954.41,80.58,44.79,33.87,0.91,-1,-1,-1
4,3,294.02,170.87,139.83,113.25,0.87,-1,-1,-1
4,5,0.25,207.32,102.94,100.97,0.54,-1,-1,-1
5,1,409.27,49.18,164.07,136.19,0.92,-1,-1,-1
5,2,954.28,80.86,45.42,33.44,0.92,-1,-1,-1
5,4,346.46,226.74,170.20,169.62,0.91,-1,-1,-1
5,3,107.31,248.17,216.14,165.10,0.89,-1,-1,-1
6,1,324.97,63.50,213.16,165.15,0.93,-1,-1,-1
6,2,953.98,80.67,45.11,33.55,0.92,-1,-1,-1
6,4,0.00,458.63,311.53,256.45,0.90,-1,-1,-1
6,6,1079.83,446.90,200.17,224.49,0.90,-1,-1,-1
6,3,0.03,431.11,65.16,209.32,0.73,-1,-1,-1
7,1,179.60,81.98,309.09,228.88,0.94,-1,-1,-1
7,6,969.17,276.65,158.06,118.15,0.92,-1,-1,-1
7,2,954.75,81.62,44.94,32.86,0.92,-1,-1,-1
8,2,954.39,81.20,45.19,33.03,0.91,-1,-1,-1
8,6,912.91,182.00,101.02,83.99,0.91,-1,-1,-1
8,1,0.00,114.37,409.67,376.61,0.88,-1,-1,-1
9,2,955.35,80.69,44.66,33.18,0.91,-1,-1,-1
9,6,880.34,134.29,74.36,54.40,0.86,-1,-1,-1
9,7,3.33,179.44,234.06,389.92,0.85,-1,-1,-1
9,1,3.01,247.23,232.69,391.20,0.72,-1,-1,-1
10,7,955.56,294.02,172.36,135.31,0.94,-1,-1,-1
10,2,954.81,81.56,44.79,32.92,0.91,-1,-1,-1
10,6,855.94,100.92,57.20,39.14,0.87,-1,-1,-1
11,7,870.25,168.41,90.36,71.85,0.93,-1,-1,-1
11,2,954.89,81.23,45.07,32.93,0.91,-1,-1,-1
11,6,838.36,76.33,45.49,34.40,0.86,-1,-1,-1
12,2,954.07,80.45,44.71,33.14,0.93,-1,-1,-1
12,7,822.09,109.11,62.42,47.08,0.91,-1,-1,-1
12,6,823.30,57.90,37.68,28.24,0.85,-1,-1,-1
12,8,611.62,70.26,67.08,61.62,0.66,-1,-1,-1
13,2,954.40,79.84,44.94,33.80,0.91,-1,-1,-1
13,7,795.92,76.03,45.92,32.17,0.89,-1,-1,-1
13,8,543.81,110.98,91.24,85.74,0.89,-1,-1,-1
13,9,1095.41,390.03,181.32,329.04,0.88,-1,-1,-1
13,6,814.67,41.77,33.90,25.50,0.67,-1,-1,-1
14,9,944.69,190.91,152.28,163.44,0.92,-1,-1,-1
14,2,955.73,81.03,45.44,33.46,0.92,-1,-1,-1
14,8,393.01,192.15,156.83,140.90,0.88,-1,-1,-1
14,7,782.73,52.87,36.90,27.58,0.84,-1,-1,-1
14,10,517.12,78.23,65.81,45.35,0.77,-1,-1,-1
14,11,589.46,51.29,43.44,34.13,0.63,-1,-1,-1
14,6,811.03,34.47,28.37,20.56,0.38,-1,-1,-1
15,8,0.05,479.82,307.52,236.66,0.92,-1,-1,-1
15,2,955.07,81.51,45.41,33.05,0.92,-1,-1,-1
15,12,418.65,118.37,97.82,66.49,0.89,-1,-1,-1
15,9,881.84,120.52,87.44,94.96,0.87,-1,-1,-1
15,10,542.82,70.87,56.49,44.69,0.86,-1,-1,-1
15,7,773.39,37.37,29.60,22.76,0.85,-1,-1,-1
15,13,581.58,99.33,68.48,59.54,0.82,-1,-1,-1
15,6,806.73,26.91,25.35,18.44,0.62,-1,-1,-1
15,11,678.02,29.24,34.05,28.73,0.60,-1,-1,-1
16,9,835.45,80.39,64.84,67.33,0.93,-1,-1,-1
16,2,954.31,80.83,44.96,33.34,0.91,-1,-1,-1
16,10,465.81,103.06,77.58,55.65,0.91,-1,-1,-1
16,13,499.71,148.20,100.50,96.48,0.89,-1,-1,-1
16,12,203.43,196.30,178.46,121.59,0.86,-1,-1,-1
16,11,660.05,39.44,36.56,32.70,0.84,-1,-1,-1
16,7,767.85,25.04,27.35,21.41,0.72,-1,-1,-1
16,6,800.98,19.59,24.91,18.28,0.29,-1,-1,-1
17,10,312.67,156.74,130.21,87.82,0.93,-1,-1,-1
17,13,995.14,298.62,166.35,140.98,0.93,-1,-1,-1
17,2,954.26,80.55,44.91,33.77,0.92,-1,-1,-1
17,12,300.25,272.99,199.54,172.39,0.91,-1,-1,-1
17,9,807.72,56.59,47.93,50.97,0.88,-1,-1,-1
17,11,636.59,57.11,43.78,36.67,0.87,-1,-1,-1
17,7,764.00,16.62,26.06,19.87,0.68,-1,-1,-1
18,14,911.03,176.11,94.47,81.66,0.94,-1,-1,-1
18,2,955.45,81.03,45.16,33.52,0.91,-1,-1,-1
18,11,602.43,80.85,58.51,50.22,0.90,-1,-1,-1
18,10,0.30,317.16,190.97,214.62,0.87,-1,-1,-1
18,9,789.79,40.02,41.36,42.59,0.72,-1,-1,-1
18,7,763.58,10.86,26.24,18.91,0.41,-1,-1,-1
19,11,535.83,125.26,84.37,73.04,0.93,-1,-1,-1
19,2,954.64,81.25,44.85,33.00,0.91,-1,-1,-1
19,14,866.17,120.06,64.48,52.02,0.91,-1,-1,-1
19,12,1085.02,440.20,194.67,273.65,0.88,-1,-1,-1
19,9,780.79,28.77,31.64,34.85,0.66,-1,-1,-1
19,7,761.78,7.00,18.89,14.75,0.37,-1,-1,-1
20,11,389.76,207.06,149.62,129.08,0.92,-1,-1,-1
20,15,946.94,212.75,137.13,118.53,0.92,-1,-1,-1
20,2,954.27,80.79,45.03,33.18,0.91,-1,-1,-1
20,14,838.18,86.28,49.36,39.74,0.90,-1,-1,-1
20,9,773.94,24.96,27.28,26.39,0.63,-1,-1,-1
21,11,0.05,482.59,284.30,233.80,0.94,-1,-1,-1
21,2,953.70,80.87,45.14,33.41,0.91,-1,-1,-1
21,15,889.26,135.87,82.71,71.78,0.90,-1,-1,-1
21,14,813.51,63.05,43.64,32.39,0.80,-1,-1,-1
21,12,1201.66,538.37,78.28,181.63,0.69,-1,-1,-1
21,16,648.23,2.45,41.90,38.85,0.64,-1,-1,-1
22,17,995.83,252.60,154.71,113.11,0.94,-1,-1,-1
22,2,955.20,81.57,45.10,32.94,0.91,-1,-1,-1
22,15,857.69,96.68,60.33,50.02,0.91,-1,-1,-1
22,14,799.19,45.80,36.91,28.84,0.84,-1,-1,-1
22,16,554.90,101.97,81.28,68.15,0.83,-1,-1,-1
23,17,915.05,149.91,89.32,72.94,0.95,-1,-1,-1
23,2,955.06,81.40,45.00,32.97,0.90,-1,-1,-1
23,15,836.43,69.66,44.85,39.16,0.86,-1,-1,-1
23,16,419.20,185.48,142.32,110.13,0.86,-1,-1,-1
23,14,786.95,32.80,32.22,25.50,0.79,-1,-1,-1
23,18,601.44,13.29,63.01,61.23,0.66,-1,-1,-1
24,17,869.73,100.60,60.71,49.09,0.93,-1,-1,-1
24,16,0.77,477.53,290.27,232.94,0.90,-1,-1,-1
24,18,551.52,20.33,90.10,69.87,0.87,-1,-1,-1
24,15,821.21,49.94,37.59,34.19,0.84,-1,-1,-1
24,2,954.13,80.65,45.52,32.45,0.83,-1,-1,-1
24,19,502.04,84.97,73.38,56.31,0.78,-1,-1,-1
24,14,776.38,23.59,28.55,22.98,0.31,-1,-1,-1
25,18,483.37,29.11,122.46,93.31,0.92,-1,-1,-1
25,17,842.24,70.51,46.67,36.80,0.91,-1,-1,-1
25,2,954.17,81.16,44.12,32.02,0.87,-1,-1,-1
25,19,399.83,129.63,109.41,75.85,0.80,-1,-1,-1
25,15,811.88,37.48,32.83,27.87,0.79,-1,-1,-1
26,18,363.35,46.95,184.54,130.41,0.92,-1,-1,-1
26,17,827.43,52.02,36.62,28.52,0.87,-1,-1,-1
26,19,173.98,217.77,198.80,142.75,0.86,-1,-1,-1
26,2,954.87,80.90,50.85,34.96,0.85,-1,-1,-1
26,15,808.29,28.91,27.03,23.21,0.80,-1,-1,-1
27,18,131.36,76.80,319.19,217.13,0.94,-1,-1,-1
27,2,955.12,81.32,51.56,33.81,0.87,-1,-1,-1
27,17,817.92,39.73,30.89,23.71,0.82,-1,-1,-1
27,15,767.25,7.75,21.01,17.64,0.27,-1,-1,-1
28,2,954.74,80.70,52.94,34.46,0.87,-1,-1,-1
28,18,3.58,143.46,234.37,383.60,0.87,-1,-1,-1
28,17,809.94,31.26,27.37,19.96,0.69,-1,-1,-1
29,2,953.76,80.97,51.04,34.26,0.89,-1,-1,-1
29,17,804.72,23.37,22.95,16.13,0.45,-1,-1,-1
30,2,954.32,80.91,50.74,34.03,0.88,-1,-1,-1
31,2,955.12,80.97,52.79,34.67,0.80,-1,-1,-1
32,2,953.82,80.67,54.28,34.99,0.77,-1,-1,-1
33,2,953.11,80.43,53.39,35.04,0.83,-1,-1,-1
34,2,953.72,80.94,54.34,34.96,0.85,-1,-1,-1
35,2,954.67,81.37,53.99,34.73,0.90,-1,-1,-1
36,2,954.87,80.87,47.52,34.25,0.87,-1,-1,-1
37,20,957.71,339.67,218.94,177.79,0.94,-1,-1,-1
37,2,953.74,80.58,45.59,34.38,0.90,-1,-1,-1
38,20,864.64,191.10,114.19,87.83,0.93,-1,-1,-1
38,2,953.92,80.39,47.11,34.75,0.91,-1,-1,-1
39,21,162.40,455.15,303.29,253.51,0.93,-1,-1,-1
39,2,954.97,81.04,47.71,34.11,0.91,-1,-1,-1
39,20,817.24,126.44,76.36,63.93,0.90,-1,-1,-1
39,22,1044.79,418.74,235.21,201.20,0.87,-1,-1,-1
40,22,918.36,207.07,106.82,78.64,0.93,-1,-1,-1
40,21,32.17,290.70,208.56,143.71,0.92,-1,-1,-1
40,20,792.07,90.79,56.21,45.46,0.92,-1,-1,-1
40,2,954.99,81.11,48.05,34.34,0.90,-1,-1,-1
41,20,776.33,64.58,44.79,38.54,0.91,-1,-1,-1
41,22,865.90,129.32,66.87,59.81,0.89,-1,-1,-1
41,21,0.00,190.83,74.28,99.81,0.86,-1,-1,-1
41,2,953.75,80.95,47.13,34.66,0.79,-1,-1,-1
42,22,839.81,89.29,48.16,38.08,0.91,-1,-1,-1
42,20,770.55,50.79,37.81,30.28,0.88,-1,-1,-1
42,2,954.88,80.78,47.27,39.27,0.62,-1,-1,-1
43,20,769.79,38.35,31.70,25.50,0.89,-1,-1,-1
43,22,826.22,65.18,36.84,28.41,0.88,-1,-1,-1
43,23,395.23,522.84,283.95,193.63,0.82,-1,-1,-1
44,23,211.28,273.34,217.67,228.12,0.94,-1,-1,-1
44,2,956.51,81.46,45.40,33.75,0.87,-1,-1,-1
44,20,767.96,31.48,29.18,22.98,0.84,-1,-1,-1
44,22,817.73,47.24,28.66,23.66,0.77,-1,-1,-1
45,2,953.59,81.11,46.45,33.72,0.91,-1,-1,-1
45,23,68.62,180.18,156.15,150.10,0.90,-1,-1,-1
45,20,765.63,23.10,27.13,19.89,0.83,-1,-1,-1
45,22,810.09,36.90,25.56,19.67,0.69,-1,-1,-1
46,23,0.00,147.17,79.16,85.72,0.91,-1,-1,-1
46,2,954.08,80.89,46.60,33.95,0.90,-1,-1,-1
46,20,764.53,16.79,27.28,20.84,0.66,-1,-1,-1
46,22,805.38,26.08,23.67,19.09,0.48,-1,-1,-1
47,2,954.33,80.88,47.33,33.98,0.91,-1,-1,-1
47,20,766.32,14.20,22.98,16.11,0.76,-1,-1,-1
47,22,801.11,21.34,20.45,15.09,0.46,-1,-1,-1
48,2,954.17,80.94,46.50,34.20,0.91,-1,-1,-1
48,20,765.26,9.34,19.09,15.52,0.67,-1,-1,-1
49,2,954.01,80.98,46.54,34.17,0.90,-1,-1,-1
49,22,792.33,11.51,17.49,12.80,0.28,-1,-1,-1
50,2,954.00,80.86,46.22,34.16,0.91,-1,-1,-1
51,2,954.28,81.11,46.75,33.96,0.91,-1,-1,-1
52,2,953.89,81.05,47.23,34.15,0.91,-1,-1,-1
53,2,954.12,81.33,46.48,34.04,0.91,-1,-1,-1
54,2,954.20,81.23,45.94,33.92,0.91,-1,-1,-1
55,2,954.21,81.17,47.17,33.98,0.90,-1,-1,-1
56,2,954.12,81.12,47.08,34.11,0.91,-1,-1,-1
57,24,1003.84,394.54,237.12,188.67,0.92,-1,-1,-1
57,2,954.04,80.74,46.32,34.01,0.91,-1,-1,-1
58,24,896.46,191.64,98.92,81.05,0.94,-1,-1,-1
58,2,953.96,80.76,46.60,33.99,0.91,-1,-1,-1
59,24,855.29,119.65,62.35,52.16,0.91,-1,-1,-1
59,2,954.52,80.69,47.04,34.02,0.91,-1,-1,-1
60,24,834.43,83.33,43.68,37.79,0.92,-1,-1,-1
60,2,954.07,80.68,47.18,34.47,0.90,-1,-1,-1
61,2,954.12,80.74,46.83,34.46,0.91,-1,-1,-1
61,24,818.94,60.29,35.48,29.18,0.90,-1,-1,-1
62,2,954.11,80.74,47.02,34.23,0.91,-1,-1,-1
62,24,810.68,42.79,28.17,25.81,0.80,-1,-1,-1
63,2,954.33,81.09,45.83,33.99,0.91,-1,-1,-1
63,24,803.24,34.70,27.35,21.68,0.76,-1,-1,-1
64,2,954.64,80.86,47.52,34.17,0.91,-1,-1,-1
64,24,798.96,26.27,23.57,16.25,0.45,-1,-1,-1
65,2,954.16,80.81,46.36,34.19,0.91,-1,-1,-1
65,24,794.10,20.53,22.12,14.96,0.40,-1,-1,-1
66,2,954.27,80.81,46.22,34.07,0.90,-1,-1,-1
66,24,790.41,15.05,19.11,14.31,0.60,-1,-1,-1
67,2,954.35,81.03,45.93,33.78,0.90,-1,-1,-1
67,24,787.53,10.78,18.86,13.65,0.55,-1,-1,-1
68,2,954.35,81.14,46.64,34.22,0.90,-1,-1,-1
68,24,785.19,6.89,16.16,12.96,0.31,-1,-1,-1
69,2,954.28,81.07,45.74,33.91,0.91,-1,-1,-1
70,2,954.13,81.11,45.76,33.94,0.91,-1,-1,-1
71,2,954.34,81.03,46.34,34.11,0.91,-1,-1,-1
72,2,954.36,81.08,46.15,33.96,0.91,-1,-1,-1
73,2,953.87,80.89,46.58,33.94,0.90,-1,-1,-1
74,2,954.14,80.50,46.08,33.86,0.92,-1,-1,-1
75,2,953.67,80.86,46.47,34.13,0.91,-1,-1,-1
76,2,954.63,80.90,47.88,34.01,0.90,-1,-1,-1
76,25,549.68,637.41,522.75,78.69,0.70,-1,-1,-1
76,26,772.37,639.33,314.44,78.25,0.65,-1,-1,-1
77,2,954.64,80.75,45.93,34.03,0.90,-1,-1,-1
77,25,305.44,585.79,527.12,131.08,0.75,-1,-1,-1
78,2,953.87,80.66,46.23,34.10,0.90,-1,-1,-1
78,25,95.85,547.49,523.15,167.43,0.89,-1,-1,-1
79,25,2.30,534.68,381.93,180.95,0.92,-1,-1,-1
79,2,954.06,80.90,46.38,33.91,0.91,-1,-1,-1
80,2,955.62,81.20,46.86,33.97,0.89,-1,-1,-1
81,2,954.81,80.93,47.13,34.31,0.90,-1,-1,-1
81,27,608.42,42.09,46.21,34.34,0.78,-1,-1,-1
82,2,953.78,80.88,46.78,33.97,0.90,-1,-1,-1
82,27,584.19,52.96,51.27,40.21,0.84,-1,-1,-1
83,27,561.50,67.63,56.46,43.32,0.86,-1,-1,-1
83,2,953.65,80.89,46.97,33.05,0.80,-1,-1,-1
84,2,955.86,80.68,47.44,34.10,0.87,-1,-1,-1
84,27,541.79,75.64,64.09,49.66,0.87,-1,-1,-1
85,27,527.96,81.18,67.49,51.75,0.87,-1,-1,-1
85,2,955.57,81.55,45.93,33.69,0.66,-1,-1,-1
86,2,954.50,80.60,45.61,33.60,0.92,-1,-1,-1
86,27,519.50,86.51,70.15,50.75,0.89,-1,-1,-1
87,27,511.61,90.43,72.20,49.95,0.91,-1,-1,-1
87,2,954.31,80.74,45.75,33.80,0.91,-1,-1,-1
88,2,954.90,81.24,46.59,33.91,0.90,-1,-1,-1
88,27,505.37,93.99,74.40,53.11,0.89,-1,-1,-1
89,2,954.86,80.54,46.62,34.26,0.91,-1,-1,-1
89,27,501.27,95.50,73.76,52.00,0.91,-1,-1,-1
90,27,493.12,98.55,71.54,53.66,0.92,-1,-1,-1
90,2,954.21,80.57,45.90,34.24,0.91,-1,-1,-1
90,28,583.93,80.88,71.36,64.52,0.68,-1,-1,-1
91,27,463.59,109.84,83.18,59.06,0.93,-1,-1,-1
91,2,954.49,80.79,46.07,34.08,0.90,-1,-1,-1
91,28,553.32,102.91,84.46,70.72,0.84,-1,-1,-1
92,27,400.49,132.49,101.37,76.89,0.91,-1,-1,-1
92,2,954.87,81.00,46.51,34.31,0.91,-1,-1,-1
92,28,499.13,124.99,104.19,103.11,0.84,-1,-1,-1
93,2,954.75,80.90,47.44,34.27,0.90,-1,-1,-1
93,27,279.84,178.47,145.07,105.47,0.90,-1,-1,-1
93,28,399.41,168.60,149.67,141.74,0.87,-1,-1,-1
94,2,954.65,80.25,46.51,33.93,0.93,-1,-1,-1
94,28,143.58,283.34,279.54,273.61,0.92,-1,-1,-1
94,27,22.32,276.54,240.58,169.39,0.89,-1,-1,-1
95,2,954.39,81.10,46.87,34.00,0.90,-1,-1,-1
96,2,954.69,81.37,46.58,33.09,0.87,-1,-1,-1
97,2,959.36,81.20,41.22,33.95,0.82,-1,-1,-1
97,29,653.49,19.68,24.95,21.01,0.73,-1,-1,-1
98,2,953.77,81.27,46.28,33.50,0.91,-1,-1,-1
99,2,953.77,81.03,45.84,33.47,0.90,-1,-1,-1
99,30,610.06,37.59,41.61,28.81,0.80,-1,-1,-1
100,2,954.22,81.38,45.73,33.65,0.90,-1,-1,-1
100,30,579.25,52.42,49.32,36.19,0.80,-1,-1,-1
101,2,955.01,81.05,46.38,33.88,0.91,-1,-1,-1
101,30,535.61,74.38,56.29,42.63,0.90,-1,-1,-1
102,30,457.07,107.04,78.09,59.77,0.92,-1,-1,-1
102,2,954.58,80.56,46.12,33.99,0.91,-1,-1,-1
103,30,292.35,166.97,133.83,105.45,0.91,-1,-1,-1
103,2,954.00,80.24,46.08,34.16,0.90,-1,-1,-1
103,31,1147.73,559.76,132.27,160.21,0.80,-1,-1,-1
104,31,968.27,275.08,153.05,113.40,0.94,-1,-1,-1
104,2,953.50,81.40,46.68,33.83,0.90,-1,-1,-1
104,30,0.00,341.90,148.69,245.14,0.79,-1,-1,-1
105,31,898.42,168.29,93.06,72.28,0.91,-1,-1,-1
105,2,955.61,81.19,47.74,33.81,0.90,-1,-1,-1
106,31,860.00,115.52,61.84,47.26,0.91,-1,-1,-1
106,2,954.94,80.41,47.68,34.35,0.90,-1,-1,-1
107,31,836.19,82.75,45.73,37.41,0.91,-1,-1,-1
107,2,953.91,80.72,47.09,33.85,0.90,-1,-1,-1
107,32,475.44,90.88,79.87,72.43,0.60,-1,-1,-1
108,33,982.90,303.80,175.25,126.98,0.92,-1,-1,-1
108,31,819.60,62.30,37.67,29.22,0.90,-1,-1,-1
108,2,952.31,81.34,48.26,34.05,0.83,-1,-1,-1
108,32,358.59,140.85,116.25,84.78,0.66,-1,-1,-1
109,33,895.59,170.72,95.83,66.54,0.91,-1,-1,-1
109,31,812.25,46.60,30.14,24.45,0.88,-1,-1,-1
109,32,104.23,251.39,217.04,149.89,0.84,-1,-1,-1
109,2,955.54,80.70,46.89,33.58,0.47,-1,-1,-1
110,33,855.20,112.01,61.01,46.42,0.91,-1,-1,-1
110,2,954.78,80.27,47.87,35.10,0.72,-1,-1,-1
110,31,805.80,37.28,27.07,20.17,0.70,-1,-1,-1
110,34,645.30,20.78,28.10,23.11,0.61,-1,-1,-1
111,2,953.89,81.23,45.49,33.22,0.90,-1,-1,-1
111,33,834.45,78.71,42.62,34.58,0.89,-1,-1,-1
111,31,799.50,27.64,25.73,18.78,0.72,-1,-1,-1
112,35,973.60,406.64,255.76,217.65,0.94,-1,-1,-1
112,2,953.98,82.11,45.24,32.93,0.90,-1,-1,-1
112,33,821.05,58.53,35.47,27.05,0.86,-1,-1,-1
112,36,596.10,42.40,41.73,34.05,0.70,-1,-1,-1
112,31,796.59,21.83,24.19,16.99,0.64,-1,-1,-1
113,35,848.62,196.22,111.40,95.37,0.94,-1,-1,-1
113,2,954.96,81.15,47.45,33.99,0.90,-1,-1,-1
113,33,814.39,42.17,29.76,24.37,0.82,-1,-1,-1
113,36,556.49,57.91,53.27,44.97,0.79,-1,-1,-1
113,31,794.54,16.52,20.76,14.64,0.61,-1,-1,-1
114,2,954.45,80.85,46.51,33.65,0.90,-1,-1,-1
114,35,801.96,120.38,67.52,62.17,0.89,-1,-1,-1
114,36,494.39,85.05,66.71,58.34,0.89,-1,-1,-1
114,33,807.21,34.04,26.01,19.20,0.68,-1,-1,-1
114,31,791.10,11.34,17.41,13.43,0.47,-1,-1,-1
115,37,1026.70,332.06,253.08,236.56,0.95,-1,-1,-1
115,36,373.43,129.34,105.08,89.86,0.91,-1,-1,-1
115,2,953.81,81.01,46.08,33.60,0.90,-1,-1,-1
115,35,778.81,80.97,48.64,42.16,0.87,-1,-1,-1
115,33,801.40,24.63,22.29,16.24,0.56,-1,-1,-1
116,37,913.04,163.82,104.85,116.41,0.93,-1,-1,-1
116,2,953.98,80.93,46.56,34.10,0.90,-1,-1,-1
116,36,111.86,226.81,193.42,163.18,0.90,-1,-1,-1
116,35,770.65,56.97,36.70,31.94,0.84,-1,-1,-1
116,33,797.33,19.78,21.62,14.95,0.37,-1,-1,-1
117,37,865.65,101.65,65.90,76.00,0.91,-1,-1,-1
117,2,954.95,81.14,46.43,33.61,0.90,-1,-1,-1
117,35,768.17,39.80,31.98,28.24,0.85,-1,-1,-1
117,33,795.66,14.62,17.59,13.16,0.34,-1,-1,-1
118,2,954.77,80.76,46.43,33.26,0.91,-1,-1,-1
118,37,840.89,68.92,49.19,55.45,0.88,-1,-1,-1
118,35,766.67,29.55,28.03,24.49,0.86,-1,-1,-1
119,2,953.70,81.09,46.38,33.60,0.90,-1,-1,-1
119,37,828.16,53.60,36.27,38.18,0.82,-1,-1,-1
119,35,762.88,20.69,27.97,20.09,0.76,-1,-1,-1
120,2,954.70,81.07,45.42,32.86,0.91,-1,-1,-1
120,37,818.74,40.61,30.44,29.85,0.80,-1,-1,-1
120,35,762.45,15.05,20.97,17.94,0.47,-1,-1,-1
121,2,954.84,81.27,45.77,33.20,0.91,-1,-1,-1
121,37,811.17,31.56,25.82,25.38,0.67,-1,-1,-1
121,35,764.01,10.50,19.07,15.62,0.56,-1,-1,-1
122,38,960.85,412.85,260.81,207.25,0.94,-1,-1,-1
122,2,954.81,80.85,45.60,33.64,0.90,-1,-1,-1
122,35,764.72,6.38,17.84,13.53,0.42,-1,-1,-1
123,2,954.99,80.65,45.40,34.11,0.89,-1,-1,-1
123,38,836.57,201.54,120.92,88.35,0.89,-1,-1,-1
124,2,954.35,80.96,45.91,33.80,0.90,-1,-1,-1
124,38,789.71,125.94,72.62,58.51,0.85,-1,-1,-1
125,39,1015.23,328.09,220.88,173.45,0.92,-1,-1,-1
125,2,954.64,80.91,45.72,33.99,0.90,-1,-1,-1
125,38,773.93,85.04,53.59,41.31,0.86,-1,-1,-1
126,2,954.79,80.40,46.67,34.02,0.91,-1,-1,-1
126,39,911.49,172.02,111.15,90.63,0.88,-1,-1,-1
126,38,768.29,59.82,42.01,32.91,0.84,-1,-1,-1
127,40,880.13,247.37,155.36,126.17,0.94,-1,-1,-1
127,2,954.27,80.65,46.34,33.87,0.91,-1,-1,-1
127,39,868.81,111.33,64.87,53.47,0.88,-1,-1,-1
127,38,764.41,41.13,37.57,27.88,0.76,-1,-1,-1
128,40,819.15,139.49,89.57,73.63,0.92,-1,-1,-1
128,2,954.28,80.63,46.77,34.20,0.90,-1,-1,-1
128,38,763.28,29.89,33.67,25.74,0.82,-1,-1,-1
128,39,843.64,77.15,48.33,38.86,0.82,-1,-1,-1
129,41,412.60,424.38,297.43,263.32,0.94,-1,-1,-1
129,40,793.46,93.10,58.06,50.91,0.93,-1,-1,-1
129,2,954.16,81.17,46.36,34.06,0.91,-1,-1,-1
129,42,992.05,280.60,159.38,116.91,0.88,-1,-1,-1
129,39,829.90,54.39,38.84,33.05,0.76,-1,-1,-1
129,38,762.17,20.47,29.74,22.27,0.73,-1,-1,-1
130,2,955.07,80.83,47.24,34.15,0.91,-1,-1,-1
130,41,251.89,263.80,221.75,160.03,0.91,-1,-1,-1
130,40,781.09,64.58,43.98,38.29,0.90,-1,-1,-1
130,42,905.72,157.24,84.13,63.16,0.85,-1,-1,-1
130,38,761.87,15.50,29.43,20.36,0.47,-1,-1,-1
131,41,95.22,181.64,170.16,113.01,0.97,-1,-1,-1
131,2,954.63,80.73,45.90,34.03,0.90,-1,-1,-1
131,42,865.53,107.38,55.30,38.04,0.86,-1,-1,-1
131,40,772.84,45.47,35.62,32.20,0.85,-1,-1,-1
131,39,811.76,27.87,28.25,25.78,0.73,-1,-1,-1
132,43,975.18,278.18,156.05,120.02,0.92,-1,-1,-1
132,2,954.28,80.53,46.40,34.34,0.91,-1,-1,-1
132,40,769.68,34.03,29.99,25.40,0.81,-1,-1,-1
132,42,841.05,74.40,40.40,31.42,0.80,-1,-1,-1
132,41,0.00,129.52,95.14,84.55,0.79,-1,-1,-1
133,43,897.19,163.56,92.14,69.63,0.90,-1,-1,-1
133,2,954.78,80.63,45.05,33.96,0.90,-1,-1,-1
133,40,767.55,25.01,26.83,23.13,0.68,-1,-1,-1
133,42,823.08,52.79,36.47,26.86,0.53,-1,-1,-1
134,44,817.67,306.28,164.95,172.96,0.91,-1,-1,-1
134,43,863.52,110.86,60.96,45.25,0.89,-1,-1,-1
134,2,954.82,81.13,44.66,33.42,0.83,-1,-1,-1
134,40,766.52,18.51,23.89,19.93,0.64,-1,-1,-1
135,45,799.51,186.81,100.60,97.37,0.94,-1,-1,-1
135,44,1084.37,401.93,195.63,180.88,0.92,-1,-1,-1
135,43,841.35,79.73,45.38,34.80,0.86,-1,-1,-1
135,2,953.67,81.00,46.44,34.35,0.61,-1,-1,-1
135,40,764.94,13.59,21.49,17.27,0.53,-1,-1,-1
135,42,806.40,30.46,25.29,19.31,0.52,-1,-1,-1
136,44,966.85,222.61,118.73,90.97,0.96,-1,-1,-1
136,45,789.31,128.51,71.16,66.76,0.90,-1,-1,-1
136,43,826.92,58.66,36.21,27.76,0.73,-1,-1,-1
136,2,954.62,80.93,45.06,33.35,0.62,-1,-1,-1
136,40,764.44,7.78,19.41,16.99,0.32,-1,-1,-1
137,46,912.02,148.19,77.15,62.09,0.92,-1,-1,-1
137,44,777.40,95.25,57.58,53.07,0.89,-1,-1,-1
137,2,954.51,81.04,44.89,33.40,0.86,-1,-1,-1
138,46,877.41,108.04,56.55,46.00,0.91,-1,-1,-1
138,47,775.10,72.26,44.52,40.04,0.89,-1,-1,-1
138,2,954.53,81.13,45.10,33.55,0.87,-1,-1,-1
138,43,814.01,30.04,27.29,24.03,0.37,-1,-1,-1
139,46,853.64,82.27,44.17,35.12,0.90,-1,-1,-1
139,2,954.35,81.05,44.58,33.76,0.88,-1,-1,-1
139,47,771.85,55.48,37.97,32.66,0.86,-1,-1,-1
140,2,954.33,81.00,44.55,33.83,0.89,-1,-1,-1
140,46,837.34,62.70,35.02,28.66,0.88,-1,-1,-1
140,47,770.39,42.87,34.90,28.25,0.85,-1,-1,-1
141,2,954.57,81.21,44.33,33.69,0.90,-1,-1,-1
141,46,825.20,49.05,31.48,24.36,0.85,-1,-1,-1
141,47,768.53,35.02,29.89,23.26,0.80,-1,-1,-1
142,2,954.64,81.21,44.68,33.70,0.89,-1,-1,-1
142,47,767.77,26.06,27.81,23.97,0.82,-1,-1,-1
142,46,817.79,39.05,27.47,20.96,0.81,-1,-1,-1
143,2,954.62,81.10,43.78,33.55,0.90,-1,-1,-1
143,47,766.96,20.52,24.84,18.10,0.79,-1,-1,-1
143,46,811.78,32.74,24.86,18.08,0.74,-1,-1,-1
144,2,954.50,81.13,50.46,34.17,0.90,-1,-1,-1
144,47,767.44,16.25,23.09,18.39,0.61,-1,-1,-1
144,46,807.18,25.79,21.09,15.63,0.57,-1,-1,-1
145,2,954.49,80.94,52.47,34.00,0.89,-1,-1,-1
145,47,768.09,13.36,20.21,15.30,0.69,-1,-1,-1
145,46,802.81,20.79,19.98,14.67,0.32,-1,-1,-1
146,2,954.49,81.08,52.59,34.11,0.90,-1,-1,-1
146,47,767.54,8.63,18.08,14.85,0.50,-1,-1,-1
147,2,954.73,81.14,51.10,33.96,0.92,-1,-1,-1
147,47,766.56,6.22,17.45,13.00,0.45,-1,-1,-1
147,46,795.95,12.25,17.28,12.84,0.32,-1,-1,-1
148,2,954.37,81.23,51.75,33.88,0.90,-1,-1,-1
149,2,954.41,80.96,53.47,34.32,0.89,-1,-1,-1
150,2,954.51,80.78,52.33,34.10,0.87,-1,-1,-1
151,2,954.39,80.94,52.99,34.18,0.87,-1,-1,-1
152,2,954.40,80.86,52.32,34.40,0.86,-1,-1,-1
153,2,954.53,80.85,52.21,34.00,0.88,-1,-1,-1
154,2,954.36,80.92,52.59,34.45,0.88,-1,-1,-1
155,2,954.44,81.03,52.58,34.28,0.89,-1,-1,-1
156,2,954.42,81.00,52.17,34.19,0.88,-1,-1,-1
157,2,954.56,81.02,52.13,34.09,0.90,-1,-1,-1
158,2,954.54,81.00,52.15,34.32,0.86,-1,-1,-1
159,2,954.40,80.95,51.94,34.38,0.87,-1,-1,-1
160,2,953.73,81.21,43.98,33.11,0.78,-1,-1,-1
161,2,954.77,80.99,44.28,33.92,0.89,-1,-1,-1
162,2,956.69,81.55,42.55,32.81,0.87,-1,-1,-1
163,2,954.86,81.20,44.34,33.04,0.92,-1,-1,-1
163,48,1160.36,156.07,119.64,156.34,0.78,-1,-1,-1
164,2,954.73,81.02,44.70,33.21,0.92,-1,-1,-1
164,48,1069.18,154.67,210.82,168.43,0.90,-1,-1,-1
165,48,955.55,157.58,324.39,198.80,0.95,-1,-1,-1
165,2,954.81,80.91,44.63,33.27,0.93,-1,-1,-1
166,48,817.83,163.18,457.53,236.87,0.93,-1,-1,-1
166,2,954.53,80.94,44.90,33.31,0.93,-1,-1,-1
167,2,954.48,80.58,44.77,33.60,0.93,-1,-1,-1
167,48,669.07,161.51,536.74,314.55,0.84,-1,-1,-1
168,2,954.10,80.53,45.16,33.67,0.92,-1,-1,-1
168,49,1216.46,233.42,63.45,81.01,0.86,-1,-1,-1
168,48,577.67,197.93,539.81,357.97,0.79,-1,-1,-1
169,2,954.82,80.71,44.86,33.35,0.92,-1,-1,-1
169,49,1151.98,236.58,128.02,100.56,0.88,-1,-1,-1
169,48,500.40,187.74,520.92,384.45,0.61,-1,-1,-1
170,2,955.04,81.03,45.17,33.31,0.92,-1,-1,-1
170,49,1071.27,255.33,154.70,97.74,0.90,-1,-1,-1
170,50,1193.56,183.78,86.18,110.53,0.83,-1,-1,-1
170,51,371.44,316.81,518.71,391.68,0.65,-1,-1,-1
170,48,0.00,320.41,529.37,392.68,0.60,-1,-1,-1
171,2,954.82,80.90,45.23,33.47,0.91,-1,-1,-1
171,49,952.46,276.16,182.39,124.25,0.91,-1,-1,-1
171,50,1127.21,170.28,152.45,136.87,0.88,-1,-1,-1
171,51,181.04,310.02,526.40,374.87,0.78,-1,-1,-1
171,48,1.28,320.10,530.58,393.78,0.69,-1,-1,-1
172,2,954.47,80.90,45.39,33.37,0.92,-1,-1,-1
172,49,782.09,312.78,227.17,163.12,0.91,-1,-1,-1
172,50,1044.94,170.42,233.78,154.79,0.87,-1,-1,-1
172,48,0.00,507.83,381.12,208.13,0.82,-1,-1,-1
172,52,1233.54,205.65,46.42,74.34,0.82,-1,-1,-1
173,49,534.27,386.41,305.77,226.15,0.93,-1,-1,-1
173,2,954.90,81.85,45.15,33.01,0.92,-1,-1,-1
173,52,1176.05,218.34,103.95,78.16,0.91,-1,-1,-1
173,50,942.27,173.27,235.30,186.32,0.91,-1,-1,-1
173,53,667.42,41.93,39.35,34.73,0.75,-1,-1,-1
174,50,806.92,184.61,281.66,230.99,0.95,-1,-1,-1
174,52,1103.17,224.45,152.89,84.12,0.93,-1,-1,-1
174,49,224.70,540.21,351.91,174.23,0.92,-1,-1,-1
174,2,955.40,80.97,45.11,33.03,0.92,-1,-1,-1
174,53,655.88,50.50,43.63,40.81,0.81,-1,-1,-1
175,52,1003.26,234.08,166.16,98.05,0.93,-1,-1,-1
175,50,633.52,213.67,332.27,302.53,0.93,-1,-1,-1
175,2,954.37,80.73,44.80,33.32,0.91,-1,-1,-1
175,53,642.93,60.06,47.96,46.76,0.79,-1,-1,-1
176,2,954.75,80.80,44.98,33.63,0.91,-1,-1,-1
176,52,854.77,260.50,209.86,128.13,0.90,-1,-1,-1
176,53,633.90,67.56,53.27,52.04,0.85,-1,-1,-1
176,50,368.55,270.83,451.73,376.56,0.84,-1,-1,-1
176,54,358.78,336.09,455.57,377.82,0.61,-1,-1,-1
177,52,651.44,313.83,261.98,169.14,0.94,-1,-1,-1
177,2,954.69,81.38,45.41,33.28,0.92,-1,-1,-1
177,53,626.70,72.79,57.54,52.64,0.90,-1,-1,-1
177,50,67.18,404.20,534.45,306.96,0.85,-1,-1,-1
178,2,954.95,81.14,45.35,33.20,0.92,-1,-1,-1
178,53,622.28,76.26,58.56,51.56,0.89,-1,-1,-1
178,52,294.29,423.45,400.61,279.40,0.88,-1,-1,-1
179,2,954.59,81.22,44.67,32.94,0.92,-1,-1,-1
179,53,618.15,79.09,61.42,50.84,0.86,-1,-1,-1
179,55,0.08,351.86,57.76,221.80,0.73,-1,-1,-1
180,2,954.59,81.47,44.62,32.95,0.92,-1,-1,-1
180,53,616.34,82.23,62.45,50.64,0.88,-1,-1,-1
180,50,0.15,435.88,56.07,232.65,0.69,-1,-1,-1
181,2,954.64,81.45,44.76,32.94,0.92,-1,-1,-1
181,53,613.49,83.80,64.30,52.12,0.89,-1,-1,-1
182,2,954.92,81.06,44.72,32.98,0.91,-1,-1,-1
182,53,608.18,87.91,66.65,60.06,0.91,-1,-1,-1
183,2,954.35,80.79,44.61,33.16,0.91,-1,-1,-1
183,53,593.38,97.10,73.75,70.38,0.88,-1,-1,-1
184,2,954.85,81.55,45.08,32.85,0.92,-1,-1,-1
184,53,569.11,117.06,85.58,80.77,0.91,-1,-1,-1
184,56,1062.83,514.90,216.64,202.07,0.86,-1,-1,-1
185,57,950.31,314.33,186.75,143.90,0.92,-1,-1,-1
185,56,817.46,427.41,243.27,263.44,0.92,-1,-1,-1
185,2,954.23,81.21,45.43,33.18,0.92,-1,-1,-1
185,53,528.07,148.83,105.72,100.44,0.91,-1,-1,-1
185,58,588.24,81.62,63.61,60.58,0.83,-1,-1,-1
186,59,886.81,202.82,115.48,81.67,0.94,-1,-1,-1
186,57,789.54,251.34,136.82,138.14,0.92,-1,-1,-1
186,2,954.08,80.88,45.00,33.27,0.92,-1,-1,-1
186,53,444.02,201.78,149.71,132.61,0.90,-1,-1,-1
186,58,545.28,105.10,82.18,73.04,0.89,-1,-1,-1
186,56,1188.55,381.89,91.45,178.81,0.85,-1,-1,-1
187,57,780.97,164.75,90.06,89.04,0.93,-1,-1,-1
187,58,460.78,144.16,114.59,96.29,0.93,-1,-1,-1
187,53,274.72,307.83,240.88,209.73,0.92,-1,-1,-1
187,60,850.05,138.81,77.35,57.78,0.92,-1,-1,-1
187,2,955.41,80.15,45.00,33.68,0.92,-1,-1,-1
187,59,1040.08,248.12,161.38,110.14,0.89,-1,-1,-1
187,61,522.41,81.66,71.86,56.90,0.62,-1,-1,-1
188,2,955.37,81.20,45.02,33.20,0.91,-1,-1,-1
188,58,239.66,232.26,213.72,149.23,0.91,-1,-1,-1
188,53,0.00,558.62,313.62,157.05,0.90,-1,-1,-1
188,60,773.79,116.86,67.93,67.97,0.89,-1,-1,-1
188,57,821.52,99.95,57.23,44.09,0.88,-1,-1,-1
188,62,948.72,173.71,109.60,74.93,0.88,-1,-1,-1
188,59,1113.85,503.11,166.15,216.70,0.84,-1,-1,-1
188,61,501.70,98.99,85.10,68.46,0.58,-1,-1,-1
189,2,955.00,80.80,45.24,33.59,0.92,-1,-1,-1
189,63,1007.95,326.73,192.71,149.21,0.92,-1,-1,-1
189,64,768.32,88.20,53.70,47.76,0.92,-1,-1,-1
189,62,895.10,127.58,77.62,53.39,0.88,-1,-1,-1
189,60,803.27,71.94,44.58,32.80,0.88,-1,-1,-1
189,61,467.39,123.00,96.05,87.62,0.78,-1,-1,-1
189,49,0.26,500.40,94.05,165.98,0.37,-1,-1,-1
190,2,954.38,80.92,45.25,33.33,0.92,-1,-1,-1
190,62,861.45,95.93,55.94,45.88,0.91,-1,-1,-1
190,63,947.14,226.26,125.40,95.76,0.91,-1,-1,-1
190,65,1107.89,482.69,172.11,215.85,0.86,-1,-1,-1
190,61,403.66,175.21,121.12,105.73,0.85,-1,-1,-1
190,64,764.24,65.92,42.68,37.39,0.84,-1,-1,-1
190,66,441.31,102.23,93.37,69.47,0.83,-1,-1,-1
190,67,787.23,51.88,34.91,24.34,0.79,-1,-1,-1
191,65,1001.72,303.74,162.90,121.87,0.94,-1,-1,-1
191,63,910.80,168.20,89.94,67.24,0.92,-1,-1,-1
191,2,954.79,80.97,45.75,33.42,0.91,-1,-1,-1
191,66,346.06,130.69,126.13,93.94,0.91,-1,-1,-1
191,61,281.43,259.99,182.04,162.50,0.90,-1,-1,-1
191,64,762.72,48.83,34.69,30.77,0.86,-1,-1,-1
191,62,839.25,72.75,45.06,35.92,0.86,-1,-1,-1
191,68,520.39,76.05,61.72,47.67,0.77,-1,-1,-1
191,67,780.22,37.91,27.33,21.03,0.77,-1,-1,-1
191,69,660.88,34.70,36.01,31.14,0.77,-1,-1,-1
192,70,873.60,349.60,200.09,161.90,0.93,-1,-1,-1
192,65,940.36,210.51,105.34,80.08,0.93,-1,-1,-1
192,61,0.00,443.23,329.79,272.36,0.93,-1,-1,-1
192,2,954.68,81.26,45.73,33.25,0.92,-1,-1,-1
192,66,183.67,188.48,180.08,144.62,0.87,-1,-1,-1
192,63,884.39,129.71,70.27,51.10,0.87,-1,-1,-1
192,71,494.77,156.62,104.28,89.11,0.86,-1,-1,-1
192,62,825.54,55.79,38.16,30.57,0.85,-1,-1,-1
192,69,641.38,50.77,42.36,38.64,0.85,-1,-1,-1
192,68,466.79,102.33,75.52,57.50,0.82,-1,-1,-1
192,64,763.29,35.41,32.21,27.32,0.71,-1,-1,-1
193,71,798.81,175.38,93.84,79.13,0.93,-1,-1,-1
193,68,379.15,135.88,101.26,78.87,0.92,-1,-1,-1
193,65,902.52,156.44,85.64,65.70,0.91,-1,-1,-1
193,2,954.74,80.84,45.55,33.43,0.91,-1,-1,-1
193,63,863.96,103.44,57.09,40.50,0.90,-1,-1,-1
193,70,361.88,236.46,166.99,153.16,0.89,-1,-1,-1
193,69,608.70,71.97,55.17,54.72,0.86,-1,-1,-1
193,62,815.81,40.42,33.49,27.48,0.83,-1,-1,-1
193,66,0.45,336.32,113.28,256.63,0.79,-1,-1,-1
193,64,764.69,20.38,27.49,33.94,0.51,-1,-1,-1
194,69,547.44,109.75,82.03,78.14,0.93,-1,-1,-1
194,70,26.53,419.87,349.09,292.55,0.93,-1,-1,-1
194,71,774.86,108.00,58.65,47.74,0.91,-1,-1,-1
194,2,954.15,80.78,45.30,33.28,0.91,-1,-1,-1
194,68,206.10,203.23,160.98,126.12,0.91,-1,-1,-1
194,65,875.81,121.10,62.47,45.19,0.89,-1,-1,-1
194,63,846.86,83.17,48.44,32.47,0.88,-1,-1,-1
194,62,809.23,31.66,28.95,24.77,0.82,-1,-1,-1
194,64,764.28,17.10,26.33,21.54,0.79,-1,-1,-1
195,2,955.09,80.91,45.04,32.63,0.93,-1,-1,-1
195,69,436.46,172.84,134.91,122.77,0.92,-1,-1,-1
195,71,769.73,72.00,43.04,32.95,0.88,-1,-1,-1
195,65,857.91,96.67,51.51,38.38,0.87,-1,-1,-1
195,63,835.76,65.95,41.80,29.44,0.84,-1,-1,-1
195,72,655.13,39.84,37.42,34.88,0.79,-1,-1,-1
195,68,0.02,373.12,102.41,227.18,0.75,-1,-1,-1
195,62,804.89,23.99,26.17,20.17,0.61,-1,-1,-1
196,69,198.95,307.04,252.91,243.15,0.94,-1,-1,-1
196,2,954.94,81.28,44.75,32.91,0.91,-1,-1,-1
196,71,766.57,48.69,35.03,25.52,0.85,-1,-1,-1
196,65,843.38,77.13,42.68,33.43,0.84,-1,-1,-1
196,72,630.54,58.85,45.65,40.51,0.83,-1,-1,-1
196,63,827.93,53.26,35.95,25.29,0.82,-1,-1,-1
196,62,799.56,17.73,25.17,20.47,0.53,-1,-1,-1
196,64,765.22,7.81,21.97,20.40,0.44,-1,-1,-1
197,2,954.85,81.22,44.58,33.07,0.91,-1,-1,-1
197,72,585.16,83.52,64.41,56.49,0.88,-1,-1,-1
197,65,830.88,63.17,37.67,27.10,0.85,-1,-1,-1
197,71,763.44,32.96,35.19,24.28,0.72,-1,-1,-1
197,63,819.60,42.06,32.03,23.70,0.43,-1,-1,-1
197,62,795.65,13.21,23.64,18.22,0.40,-1,-1,-1
198,2,954.63,80.94,44.57,32.43,0.93,-1,-1,-1
198,72,506.13,128.06,95.51,90.78,0.91,-1,-1,-1
198,73,1036.15,303.17,239.21,396.57,0.84,-1,-1,-1
198,74,1039.98,241.98,238.89,388.13,0.80,-1,-1,-1
198,65,822.29,51.78,32.10,24.05,0.72,-1,-1,-1
198,62,792.74,8.63,20.36,16.93,0.40,-1,-1,-1
199,74,919.52,137.78,345.57,307.96,0.94,-1,-1,-1
199,72,336.81,210.81,175.64,148.32,0.92,-1,-1,-1
199,2,954.50,80.20,45.26,33.68,0.90,-1,-1,-1
199,63,760.93,14.24,22.73,15.83,0.45,-1,-1,-1
199,65,815.88,42.20,29.36,21.05,0.36,-1,-1,-1
200,74,867.35,94.02,177.49,164.67,0.91,-1,-1,-1
200,72,0.77,436.49,251.21,227.05,0.88,-1,-1,-1
200,75,597.90,9.63,57.53,59.00,0.55,-1,-1,-1
201,74,844.72,62.01,111.40,109.44,0.93,-1,-1,-1
201,2,956.20,81.11,43.89,33.19,0.89,-1,-1,-1
201,76,561.98,12.80,80.01,77.67,0.88,-1,-1,-1
201,75,660.25,46.89,38.60,34.95,0.76,-1,-1,-1
202,74,828.59,43.53,84.70,83.50,0.94,-1,-1,-1
202,2,954.35,80.97,45.17,33.20,0.91,-1,-1,-1
202,76,514.38,24.95,106.57,94.24,0.89,-1,-1,-1
202,75,630.62,65.52,51.48,50.58,0.83,-1,-1,-1
202,77,1154.64,558.20,125.36,160.15,0.64,-1,-1,-1
203,76,434.45,32.53,148.66,132.82,0.91,-1,-1,-1
203,2,955.21,80.69,45.22,33.34,0.91,-1,-1,-1
203,74,818.92,35.53,65.60,61.04,0.90,-1,-1,-1
203,77,980.54,269.93,153.18,115.40,0.90,-1,-1,-1
203,75,582.36,96.74,73.35,73.48,0.88,-1,-1,-1
203,78,590.59,40.78,44.44,36.95,0.78,-1,-1,-1
204,2,955.06,80.32,45.37,33.50,0.93,-1,-1,-1
204,79,967.22,322.63,188.36,150.13,0.93,-1,-1,-1
204,77,909.77,165.82,92.70,72.99,0.91,-1,-1,-1
204,76,280.63,56.42,241.42,193.28,0.90,-1,-1,-1
204,75,476.96,160.82,121.17,129.21,0.90,-1,-1,-1
204,78,622.19,33.64,39.47,29.91,0.82,-1,-1,-1
204,80,552.10,57.91,55.90,47.64,0.81,-1,-1,-1
204,74,811.70,21.34,53.97,53.77,0.76,-1,-1,-1
205,80,490.09,82.14,73.16,56.90,0.93,-1,-1,-1
205,79,873.84,177.26,99.78,84.05,0.92,-1,-1,-1
205,75,142.93,339.64,294.51,289.54,0.92,-1,-1,-1
205,2,954.46,80.99,45.29,33.22,0.91,-1,-1,-1
205,78,596.97,49.97,44.50,32.01,0.86,-1,-1,-1
205,74,806.05,18.64,45.16,42.23,0.86,-1,-1,-1
205,76,0.00,90.57,410.31,385.54,0.86,-1,-1,-1
205,77,869.23,115.52,61.28,43.70,0.86,-1,-1,-1
206,80,377.34,120.88,108.71,86.29,0.93,-1,-1,-1
206,2,954.83,80.79,45.04,33.14,0.91,-1,-1,-1
206,79,827.68,115.19,64.75,53.87,0.90,-1,-1,-1
206,78,560.05,62.75,59.10,43.49,0.85,-1,-1,-1
206,74,801.86,8.90,41.82,41.03,0.80,-1,-1,-1
206,77,845.19,83.19,41.57,33.44,0.80,-1,-1,-1
206,76,0.00,214.30,172.16,372.63,0.47,-1,-1,-1
207,80,132.83,200.81,203.14,149.73,0.94,-1,-1,-1
207,78,515.91,86.09,69.76,48.67,0.91,-1,-1,-1
207,2,954.59,80.90,44.88,33.11,0.91,-1,-1,-1
207,79,800.65,78.67,46.19,37.88,0.88,-1,-1,-1
207,77,830.09,62.79,34.02,25.21,0.72,-1,-1,-1
208,2,954.87,81.12,44.92,32.96,0.91,-1,-1,-1
208,78,433.40,107.29,104.04,59.23,0.90,-1,-1,-1
208,79,784.50,57.28,37.19,28.49,0.88,-1,-1,-1
208,77,820.18,47.16,31.49,24.19,0.78,-1,-1,-1
208,81,612.27,54.45,51.60,38.75,0.71,-1,-1,-1
209,2,954.69,81.51,44.81,32.87,0.92,-1,-1,-1
209,78,278.57,127.05,164.03,71.25,0.91,-1,-1,-1
209,79,774.12,39.88,29.90,23.29,0.87,-1,-1,-1
209,81,563.64,76.15,68.76,52.72,0.83,-1,-1,-1
209,77,812.71,36.02,28.59,22.51,0.78,-1,-1,-1
210,78,98.01,141.81,199.92,69.05,0.92,-1,-1,-1
210,2,954.81,81.24,44.67,33.16,0.92,-1,-1,-1
210,81,492.20,107.23,86.34,58.66,0.89,-1,-1,-1
210,79,767.58,28.84,27.35,21.02,0.83,-1,-1,-1
210,77,807.18,28.79,23.98,19.13,0.62,-1,-1,-1
211,82,983.45,288.07,167.10,133.05,0.93,-1,-1,-1
211,78,0.10,141.42,140.37,64.37,0.93,-1,-1,-1
211,2,954.65,81.38,44.60,32.96,0.92,-1,-1,-1
211,81,336.13,165.78,140.11,88.74,0.91,-1,-1,-1
211,79,764.44,20.81,23.39,17.74,0.76,-1,-1,-1
211,77,801.05,21.60,25.60,18.69,0.49,-1,-1,-1
212,82,905.79,161.73,87.27,72.05,0.92,-1,-1,-1
212,2,955.24,80.97,45.11,33.40,0.91,-1,-1,-1
212,81,0.30,315.58,236.47,203.38,0.90,-1,-1,-1
212,79,764.85,13.39,20.38,15.63,0.45,-1,-1,-1
212,78,0.00,138.13,38.02,51.84,0.38,-1,-1,-1
212,77,799.26,16.17,23.01,18.12,0.33,-1,-1,-1
213,82,866.96,107.97,57.81,46.80,0.92,-1,-1,-1
213,2,954.70,81.25,44.64,32.98,0.91,-1,-1,-1
213,83,1055.54,388.93,224.46,190.27,0.87,-1,-1,-1
214,83,923.66,193.42,107.57,84.89,0.94,-1,-1,-1
214,2,954.68,81.10,44.82,33.23,0.91,-1,-1,-1
214,82,844.21,76.51,42.91,34.31,0.90,-1,-1,-1
215,84,1026.82,348.59,204.43,160.74,0.94,-1,-1,-1
215,83,870.15,121.97,66.04,52.88,0.92,-1,-1,-1
215,2,954.70,81.44,44.40,32.93,0.91,-1,-1,-1
215,82,830.28,55.59,34.11,28.29,0.87,-1,-1,-1
216,85,924.31,184.55,99.53,78.81,0.94,-1,-1,-1
216,84,1019.55,466.05,260.45,249.63,0.93,-1,-1,-1
216,2,954.94,81.31,44.61,32.98,0.91,-1,-1,-1
216,83,840.32,83.79,47.38,38.64,0.90,-1,-1,-1
216,82,820.67,41.09,29.06,22.95,0.84,-1,-1,-1
217,84,206.22,414.98,305.00,256.43,0.94,-1,-1,-1
217,2,954.46,80.96,44.97,33.38,0.91,-1,-1,-1
217,85,866.69,209.80,130.12,107.72,0.90,-1,-1,-1
217,86,876.39,124.00,63.42,45.77,0.89,-1,-1,-1
217,83,819.08,59.53,38.14,29.82,0.85,-1,-1,-1
217,82,814.04,31.63,23.81,19.67,0.61,-1,-1,-1
218,87,32.54,247.93,196.00,141.19,0.93,-1,-1,-1
218,85,806.82,122.59,74.55,64.34,0.92,-1,-1,-1
218,2,954.79,80.84,44.75,33.51,0.91,-1,-1,-1
218,86,849.06,87.83,46.47,35.28,0.89,-1,-1,-1
218,88,1111.75,448.50,167.84,243.98,0.79,-1,-1,-1
218,83,804.34,42.12,31.00,25.36,0.77,-1,-1,-1
218,82,809.01,24.09,21.41,13.92,0.64,-1,-1,-1
219,88,951.26,217.08,129.45,106.03,0.93,-1,-1,-1
219,2,954.74,80.72,44.72,33.58,0.92,-1,-1,-1
219,86,833.43,63.87,35.74,29.87,0.90,-1,-1,-1
219,85,779.81,80.16,51.64,45.16,0.87,-1,-1,-1
219,87,0.00,152.88,59.17,98.19,0.84,-1,-1,-1
219,83,792.04,31.69,26.29,20.54,0.65,-1,-1,-1
219,82,803.43,18.47,20.26,14.73,0.30,-1,-1,-1
220,88,885.81,134.05,78.52,58.98,0.93,-1,-1,-1
220,89,347.22,526.41,308.59,191.27,0.92,-1,-1,-1
220,2,954.78,80.86,44.82,33.56,0.91,-1,-1,-1
220,85,770.32,54.19,37.93,33.51,0.88,-1,-1,-1
220,86,823.18,48.11,29.38,23.82,0.85,-1,-1,-1
220,83,783.21,21.41,22.51,16.79,0.65,-1,-1,-1
221,88,851.23,92.49,55.73,46.25,0.95,-1,-1,-1
221,90,964.33,376.97,224.12,173.21,0.93,-1,-1,-1
221,89,209.72,340.05,217.84,183.71,0.92,-1,-1,-1
221,2,954.77,80.73,44.80,33.47,0.91,-1,-1,-1
221,85,766.21,39.06,32.57,25.35,0.85,-1,-1,-1
221,86,814.78,37.73,25.90,19.76,0.73,-1,-1,-1
221,83,777.11,15.17,19.81,15.89,0.60,-1,-1,-1
222,89,108.07,237.75,160.01,125.48,0.94,-1,-1,-1
222,90,831.31,190.31,110.45,89.89,0.92,-1,-1,-1
222,2,954.49,80.74,44.90,33.54,0.92,-1,-1,-1
222,88,831.03,65.70,43.25,35.77,0.91,-1,-1,-1
222,85,764.86,27.75,25.31,24.35,0.81,-1,-1,-1
222,86,806.74,26.55,22.89,18.68,0.30,-1,-1,-1
223,89,34.80,180.09,125.33,89.38,0.92,-1,-1,-1
223,2,954.61,81.29,44.72,33.07,0.92,-1,-1,-1
223,91,130.05,387.41,233.84,176.78,0.89,-1,-1,-1
223,90,783.21,124.07,67.57,51.63,0.87,-1,-1,-1
223,88,818.80,48.28,34.81,29.03,0.84,-1,-1,-1
223,85,764.12,19.83,24.80,18.39,0.77,-1,-1,-1
223,86,800.56,21.11,20.99,15.51,0.47,-1,-1,-1
224,2,954.78,81.49,44.92,32.97,0.92,-1,-1,-1
224,91,11.08,246.64,153.65,117.61,0.91,-1,-1,-1
224,90,770.67,85.30,48.53,38.29,0.91,-1,-1,-1
224,88,811.43,39.82,29.35,20.75,0.76,-1,-1,-1
224,85,764.49,14.57,21.18,16.80,0.36,-1,-1,-1
224,86,797.24,15.12,18.64,13.77,0.30,-1,-1,-1
225,2,954.47,81.00,45.03,33.30,0.92,-1,-1,-1
225,90,768.67,61.04,37.99,31.43,0.86,-1,-1,-1
225,88,805.27,28.58,25.61,20.18,0.67,-1,-1,-1
225,85,763.55,9.17,18.00,15.78,0.50,-1,-1,-1
226,2,953.67,80.83,44.61,33.40,0.91,-1,-1,-1
226,90,765.92,44.57,35.17,26.88,0.84,-1,-1,-1
226,88,799.22,20.50,22.43,17.67,0.53,-1,-1,-1
226,85,761.59,5.61,16.98,13.38,0.28,-1,-1,-1
227,2,953.88,80.31,44.88,33.16,0.94,-1,-1,-1
227,92,1115.76,559.06,164.24,159.17,0.82,-1,-1,-1
227,90,766.62,32.58,31.77,25.55,0.79,-1,-1,-1
228,2,954.71,80.90,44.84,33.12,0.92,-1,-1,-1
228,92,934.98,236.54,140.45,110.00,0.90,-1,-1,-1
228,90,768.34,25.65,27.36,20.03,0.75,-1,-1,-1
229,2,954.68,80.76,45.61,32.94,0.94,-1,-1,-1
229,92,872.46,137.49,81.39,66.42,0.91,-1,-1,-1
229,90,766.14,18.13,26.59,19.05,0.36,-1,-1,-1
230,2,953.55,80.38,45.43,33.34,0.94,-1,-1,-1
230,92,840.61,91.61,54.55,42.59,0.91,-1,-1,-1
231,2,953.81,80.60,44.90,33.31,0.91,-1,-1,-1
231,92,823.55,64.92,40.59,32.10,0.89,-1,-1,-1
232,2,954.35,80.74,45.21,32.96,0.92,-1,-1,-1
232,92,816.52,46.90,30.98,25.90,0.87,-1,-1,-1
233,2,955.17,80.46,44.48,33.09,0.91,-1,-1,-1
233,92,809.47,37.51,28.69,19.59,0.62,-1,-1,-1
234,2,954.65,80.49,44.63,33.46,0.92,-1,-1,-1
234,92,804.41,26.14,26.47,20.12,0.52,-1,-1,-1
235,2,954.68,80.92,44.55,33.44,0.92,-1,-1,-1
235,92,800.17,21.72,22.61,16.76,0.62,-1,-1,-1
236,2,954.27,80.68,44.81,33.35,0.92,-1,-1,-1
236,92,797.12,16.41,19.41,13.98,0.56,-1,-1,-1
237,2,954.28,80.65,44.60,33.49,0.92,-1,-1,-1
237,92,794.27,11.09,18.35,13.76,0.54,-1,-1,-1
238,2,954.26,80.98,44.55,33.47,0.92,-1,-1,-1
238,92,791.57,7.46,18.37,13.05,0.32,-1,-1,-1
239,2,954.62,81.07,44.47,33.42,0.92,-1,-1,-1
240,2,954.35,80.72,44.66,33.35,0.92,-1,-1,-1
241,2,954.53,80.77,44.54,33.32,0.91,-1,-1,-1
242,2,954.39,81.22,44.64,33.22,0.91,-1,-1,-1
243,2,954.80,80.90,44.45,33.12,0.92,-1,-1,-1
244,2,954.77,80.75,44.43,33.20,0.92,-1,-1,-1
245,2,954.60,80.85,44.59,33.27,0.92,-1,-1,-1
246,2,954.53,80.81,44.51,33.23,0.92,-1,-1,-1
247,2,954.59,80.56,44.63,33.13,0.94,-1,-1,-1
248,2,954.75,80.74,44.65,33.32,0.92,-1,-1,-1
249,2,954.71,81.07,44.41,33.25,0.92,-1,-1,-1
250,2,954.43,80.92,44.72,33.29,0.92,-1,-1,-1
251,2,954.71,80.84,44.65,33.29,0.92,-1,-1,-1
252,2,954.77,80.86,44.48,33.54,0.92,-1,-1,-1
253,2,954.51,81.24,44.36,33.36,0.91,-1,-1,-1
254,2,955.09,80.98,43.79,33.25,0.90,-1,-1,-1
255,2,955.41,80.88,43.72,33.17,0.91,-1,-1,-1
256,2,954.01,81.04,44.68,33.43,0.91,-1,-1,-1
257,2,954.33,81.16,44.42,33.42,0.92,-1,-1,-1
258,2,954.48,81.16,44.52,33.35,0.91,-1,-1,-1
259,2,954.45,80.99,44.33,33.48,0.92,-1,-1,-1
260,2,954.58,81.03,44.42,33.44,0.92,-1,-1,-1
261,2,954.63,81.03,44.42,33.37,0.91,-1,-1,-1
262,2,954.79,81.01,44.40,33.35,0.91,-1,-1,-1
263,2,954.49,80.92,44.57,33.43,0.91,-1,-1,-1
264,2,954.35,80.99,44.45,33.23,0.91,-1,-1,-1
265,2,953.61,80.97,44.83,33.42,0.91,-1,-1,-1
266,2,954.61,81.09,44.93,33.39,0.91,-1,-1,-1
266,93,638.45,54.95,43.99,37.25,0.72,-1,-1,-1
267,2,954.84,80.71,45.04,33.31,0.93,-1,-1,-1
267,93,623.40,67.29,49.55,48.68,0.79,-1,-1,-1
268,2,953.51,80.76,44.92,33.42,0.92,-1,-1,-1
268,93,610.71,77.74,52.66,44.46,0.80,-1,-1,-1
269,2,953.29,80.88,45.16,33.38,0.91,-1,-1,-1
269,93,596.96,83.53,60.86,57.45,0.79,-1,-1,-1
270,2,954.96,81.10,44.66,33.27,0.92,-1,-1,-1
270,93,590.50,92.52,60.68,53.86,0.82,-1,-1,-1
271,2,954.93,81.29,44.60,33.26,0.92,-1,-1,-1
271,93,571.97,106.66,62.30,61.25,0.77,-1,-1,-1
272,2,954.59,80.49,45.06,32.88,0.92,-1,-1,-1
272,93,532.77,127.13,86.32,78.06,0.89,-1,-1,-1
273,93,469.31,167.80,109.60,105.54,0.92,-1,-1,-1
273,2,953.37,80.63,45.12,33.65,0.91,-1,-1,-1
273,94,583.22,106.61,72.03,66.32,0.87,-1,-1,-1
274,2,955.54,80.75,44.84,33.59,0.92,-1,-1,-1
274,95,472.62,96.63,77.13,57.48,0.89,-1,-1,-1
274,94,535.57,135.92,92.41,86.99,0.89,-1,-1,-1
274,93,326.32,246.72,176.54,165.70,0.87,-1,-1,-1
275,2,954.78,81.02,44.56,33.25,0.92,-1,-1,-1
275,93,1.35,494.64,283.23,221.62,0.91,-1,-1,-1
275,95,342.14,142.75,120.28,86.43,0.89,-1,-1,-1
275,94,448.39,188.84,135.48,120.17,0.88,-1,-1,-1
276,95,42.64,255.76,231.92,164.40,0.92,-1,-1,-1
276,2,954.59,80.87,44.41,33.51,0.91,-1,-1,-1
276,94,238.59,311.33,243.99,205.05,0.89,-1,-1,-1
276,96,526.98,75.66,63.14,47.60,0.82,-1,-1,-1
277,2,953.94,81.03,45.03,33.28,0.91,-1,-1,-1
277,96,446.03,110.30,85.41,62.19,0.91,-1,-1,-1
278,96,270.51,175.77,151.47,100.43,0.92,-1,-1,-1
278,2,955.29,81.41,44.82,33.06,0.91,-1,-1,-1
279,2,954.79,81.08,44.36,33.24,0.92,-1,-1,-1
279,96,0.00,379.77,129.98,210.24,0.78,-1,-1,-1
280,2,954.03,81.04,44.71,33.23,0.91,-1,-1,-1
281,2,954.44,81.01,44.22,33.38,0.91,-1,-1,-1
281,97,1013.52,374.14,231.22,180.45,0.91,-1,-1,-1
282,97,900.17,178.64,97.74,80.20,0.94,-1,-1,-1
282,2,954.76,80.83,44.56,33.66,0.92,-1,-1,-1
283,97,853.29,111.76,60.45,49.00,0.91,-1,-1,-1
283,2,954.30,81.14,44.36,33.35,0.91,-1,-1,-1
284,97,829.88,74.10,41.71,34.71,0.91,-1,-1,-1
284,2,954.34,80.70,44.40,33.54,0.91,-1,-1,-1
284,98,1125.52,516.69,153.86,200.00,0.90,-1,-1,-1
285,98,944.52,222.51,115.54,96.00,0.93,-1,-1,-1
285,2,954.34,80.79,44.63,33.54,0.91,-1,-1,-1
285,97,816.28,51.61,32.84,26.62,0.86,-1,-1,-1
286,98,879.43,133.42,72.39,58.48,0.92,-1,-1,-1
286,2,954.40,81.08,44.88,33.29,0.91,-1,-1,-1
286,97,807.63,38.85,27.83,19.80,0.79,-1,-1,-1
287,2,955.18,81.48,44.91,33.20,0.91,-1,-1,-1
287,98,848.97,91.50,48.25,37.46,0.89,-1,-1,-1
287,97,801.93,26.82,24.53,16.96,0.58,-1,-1,-1
288,2,953.35,80.78,44.69,33.41,0.91,-1,-1,-1
288,98,828.14,63.69,38.08,29.55,0.89,-1,-1,-1
288,97,795.24,18.59,22.79,16.01,0.41,-1,-1,-1
289,2,953.46,80.31,44.79,33.55,0.91,-1,-1,-1
289,98,815.93,44.61,30.97,23.06,0.83,-1,-1,-1
289,97,790.56,12.57,18.27,13.74,0.57,-1,-1,-1
290,2,954.90,81.29,44.42,33.29,0.91,-1,-1,-1
290,97,789.28,9.34,16.65,12.08,0.47,-1,-1,-1
290,98,804.94,31.03,31.73,22.01,0.26,-1,-1,-1
291,99,901.68,298.87,165.81,138.87,0.94,-1,-1,-1
291,2,955.23,81.41,44.70,33.44,0.92,-1,-1,-1
291,98,801.18,24.60,22.61,15.12,0.63,-1,-1,-1
292,2,954.04,80.17,45.09,33.53,0.91,-1,-1,-1
292,99,831.16,180.57,98.69,83.74,0.91,-1,-1,-1
293,2,953.60,80.23,44.98,33.52,0.94,-1,-1,-1
293,99,797.47,125.41,68.50,55.43,0.89,-1,-1,-1
293,98,778.04,9.78,19.81,14.83,0.42,-1,-1,-1
294,2,954.41,80.96,45.15,33.63,0.91,-1,-1,-1
294,99,779.87,92.15,54.17,42.71,0.87,-1,-1,-1
294,100,488.94,86.55,70.36,53.34,0.83,-1,-1,-1
295,2,955.44,81.61,44.59,33.30,0.91,-1,-1,-1
295,99,772.07,69.69,44.78,34.64,0.82,-1,-1,-1
295,100,360.57,134.60,114.42,82.70,0.81,-1,-1,-1
296,2,954.96,80.79,44.55,33.12,0.91,-1,-1,-1
296,100,59.77,239.23,221.00,165.29,0.89,-1,-1,-1
296,99,766.06,52.79,38.56,30.14,0.81,-1,-1,-1
297,2,953.58,80.10,44.96,33.67,0.94,-1,-1,-1
297,99,762.18,39.84,35.32,25.14,0.62,-1,-1,-1
298,2,954.06,80.66,44.82,33.54,0.91,-1,-1,-1
298,101,947.36,260.64,157.05,128.20,0.91,-1,-1,-1
298,99,763.72,31.21,33.52,25.78,0.77,-1,-1,-1
299,2,955.16,81.35,45.11,33.34,0.91,-1,-1,-1
299,101,880.88,145.87,85.20,71.38,0.87,-1,-1,-1
299,99,765.95,26.50,23.29,19.60,0.58,-1,-1,-1
299,102,597.29,45.50,48.44,36.50,0.56,-1,-1,-1
300,2,954.90,81.41,44.70,33.29,0.91,-1,-1,-1
300,101,846.03,95.95,55.61,47.92,0.89,-1,-1,-1
300,102,571.92,60.50,54.37,40.30,0.73,-1,-1,-1
300,99,762.90,18.64,28.82,20.05,0.28,-1,-1,-1
301,2,953.02,80.74,44.75,33.37,0.91,-1,-1,-1
301,101,822.44,66.00,43.11,35.90,0.88,-1,-1,-1
301,102,543.52,71.58,65.33,48.96,0.87,-1,-1,-1
302,103,994.40,323.34,198.71,151.31,0.92,-1,-1,-1
302,2,953.36,81.15,45.05,33.38,0.91,-1,-1,-1
302,102,525.90,82.60,66.43,50.16,0.88,-1,-1,-1
302,101,811.27,45.41,36.89,30.31,0.72,-1,-1,-1
303,2,955.49,80.71,45.33,33.56,0.94,-1,-1,-1
303,104,904.98,166.27,96.43,73.49,0.92,-1,-1,-1
303,102,518.68,87.52,68.02,50.62,0.90,-1,-1,-1
303,103,1138.74,511.66,141.26,207.24,0.81,-1,-1,-1
303,101,799.81,31.08,36.96,28.16,0.49,-1,-1,-1
304,105,865.71,105.98,61.02,45.42,0.92,-1,-1,-1
304,2,955.38,80.34,44.59,33.21,0.91,-1,-1,-1
304,102,514.47,89.69,68.04,51.89,0.90,-1,-1,-1
304,104,951.21,223.10,128.87,94.41,0.86,-1,-1,-1
304,101,801.11,25.01,25.63,22.47,0.45,-1,-1,-1
305,2,953.88,80.43,45.58,33.47,0.94,-1,-1,-1
305,102,512.95,90.16,69.10,51.43,0.92,-1,-1,-1
305,104,949.76,239.47,138.99,117.79,0.91,-1,-1,-1
305,106,839.17,72.60,46.14,33.96,0.87,-1,-1,-1
305,105,883.89,132.15,74.59,51.93,0.86,-1,-1,-1
306,102,512.38,90.72,69.11,51.05,0.93,-1,-1,-1
306,2,953.45,80.83,45.33,33.58,0.91,-1,-1,-1
306,107,880.35,138.99,81.31,55.28,0.90,-1,-1,-1
306,105,848.07,89.25,47.32,36.45,0.84,-1,-1,-1
306,106,819.87,50.55,37.68,27.67,0.68,-1,-1,-1
307,102,513.19,90.34,69.10,51.63,0.92,-1,-1,-1
307,2,955.09,81.72,44.52,32.80,0.91,-1,-1,-1
307,107,849.44,91.42,51.75,40.45,0.86,-1,-1,-1
307,105,828.28,60.81,30.50,27.51,0.82,-1,-1,-1
308,102,512.55,90.19,69.20,51.83,0.92,-1,-1,-1
308,2,954.67,81.14,44.41,33.26,0.91,-1,-1,-1
308,105,800.77,28.01,22.29,16.89,0.81,-1,-1,-1
308,107,827.72,63.72,39.13,31.22,0.80,-1,-1,-1
309,102,511.85,90.25,69.83,51.62,0.93,-1,-1,-1
309,2,953.90,80.91,44.86,33.48,0.91,-1,-1,-1
309,107,815.61,46.37,32.77,24.48,0.52,-1,-1,-1
310,104,1097.40,451.30,181.48,238.39,0.91,-1,-1,-1
310,2,954.24,81.04,44.46,33.32,0.91,-1,-1,-1
310,102,511.44,91.29,70.35,51.09,0.90,-1,-1,-1
311,108,952.80,229.13,124.99,92.45,0.93,-1,-1,-1
311,2,955.14,80.23,45.24,33.38,0.93,-1,-1,-1
311,109,307.22,425.71,302.42,258.17,0.93,-1,-1,-1
311,102,513.93,89.13,68.75,52.38,0.89,-1,-1,-1
312,110,891.11,145.67,77.59,56.52,0.95,-1,-1,-1
312,102,512.79,89.86,69.34,52.41,0.93,-1,-1,-1
312,108,920.26,273.89,153.61,125.87,0.91,-1,-1,-1
312,2,954.42,80.66,45.01,33.90,0.91,-1,-1,-1
312,109,144.69,282.44,231.39,159.87,0.89,-1,-1,-1
313,108,401.41,446.84,317.02,262.86,0.94,-1,-1,-1
313,2,954.39,80.60,45.37,33.01,0.93,-1,-1,-1
313,109,19.71,196.68,166.04,116.21,0.93,-1,-1,-1
313,102,513.37,89.26,69.22,52.84,0.91,-1,-1,-1
313,111,857.26,102.22,56.77,39.73,0.91,-1,-1,-1
313,110,843.62,156.10,87.39,70.74,0.90,-1,-1,-1
314,112,194.78,298.25,234.69,149.97,0.93,-1,-1,-1
314,102,512.88,90.27,70.01,51.89,0.93,-1,-1,-1
314,2,954.25,81.50,44.84,32.91,0.92,-1,-1,-1
314,111,833.39,76.34,43.48,32.43,0.90,-1,-1,-1
314,110,805.06,104.04,60.23,45.48,0.85,-1,-1,-1
314,109,0.03,143.04,49.39,81.84,0.84,-1,-1,-1
315,112,50.77,205.33,161.89,102.76,0.94,-1,-1,-1
315,2,956.12,81.22,44.72,33.14,0.91,-1,-1,-1
315,102,514.18,89.59,69.44,51.63,0.91,-1,-1,-1
315,111,821.85,57.01,34.41,27.19,0.89,-1,-1,-1
315,110,784.09,69.85,43.03,35.32,0.85,-1,-1,-1
316,102,512.12,90.46,69.65,51.11,0.93,-1,-1,-1
316,2,953.83,81.17,45.19,33.23,0.91,-1,-1,-1
316,112,0.13,149.12,67.24,72.50,0.86,-1,-1,-1
316,111,811.89,43.24,28.97,23.20,0.85,-1,-1,-1
316,110,769.67,48.28,37.72,30.20,0.78,-1,-1,-1
317,108,281.00,466.83,297.86,251.75,0.94,-1,-1,-1
317,102,512.99,89.90,69.18,52.53,0.92,-1,-1,-1
317,2,954.66,80.62,44.72,33.36,0.92,-1,-1,-1
317,110,765.28,33.71,30.23,24.07,0.72,-1,-1,-1
317,111,805.36,36.51,28.19,18.32,0.66,-1,-1,-1
318,2,955.01,80.31,44.55,33.32,0.94,-1,-1,-1
318,113,115.99,272.09,196.01,139.06,0.94,-1,-1,-1
318,102,513.95,90.05,68.53,52.27,0.93,-1,-1,-1
318,110,764.17,23.89,26.27,20.57,0.72,-1,-1,-1
318,111,801.04,26.00,23.22,16.29,0.71,-1,-1,-1
319,113,0.16,180.67,121.52,90.60,0.94,-1,-1,-1
319,2,955.54,80.74,44.85,33.28,0.92,-1,-1,-1
319,102,514.01,89.35,68.60,52.87,0.90,-1,-1,-1
319,111,799.04,20.91,21.36,15.44,0.49,-1,-1,-1
319,110,760.94,16.66,26.79,20.08,0.35,-1,-1,-1
320,114,995.21,282.39,162.20,124.12,0.94,-1,-1,-1
320,102,512.31,90.51,69.08,51.90,0.92,-1,-1,-1
320,2,954.08,81.30,44.51,33.22,0.92,-1,-1,-1
320,111,794.34,16.83,20.84,14.56,0.46,-1,-1,-1
321,114,914.60,162.08,88.85,73.43,0.94,-1,-1,-1
321,102,513.15,89.45,69.36,52.50,0.94,-1,-1,-1
321,2,954.68,80.62,44.93,33.14,0.93,-1,-1,-1
321,111,794.01,11.41,18.42,14.08,0.53,-1,-1,-1
322,114,870.05,109.36,60.72,49.49,0.92,-1,-1,-1
322,102,512.80,90.49,69.38,52.74,0.91,-1,-1,-1
322,2,953.97,80.99,44.86,33.50,0.90,-1,-1,-1
322,111,790.92,9.15,17.96,12.45,0.35,-1,-1,-1
323,102,513.55,89.89,68.44,51.97,0.92,-1,-1,-1
323,2,954.66,80.62,44.73,33.14,0.91,-1,-1,-1
323,114,843.18,77.88,46.51,36.19,0.90,-1,-1,-1
323,111,790.44,6.39,16.92,12.25,0.29,-1,-1,-1
324,2,955.05,80.07,44.48,32.96,0.93,-1,-1,-1
324,102,513.77,88.86,68.63,52.70,0.91,-1,-1,-1
324,114,826.27,54.61,36.47,29.91,0.91,-1,-1,-1
325,2,955.27,80.36,45.17,33.37,0.90,-1,-1,-1
325,102,515.69,88.98,68.12,52.42,0.90,-1,-1,-1
325,114,813.93,39.25,30.25,25.39,0.88,-1,-1,-1
326,102,514.63,89.19,69.40,53.21,0.91,-1,-1,-1
326,2,954.75,80.67,45.12,33.28,0.91,-1,-1,-1
326,114,804.34,30.32,28.85,21.58,0.85,-1,-1,-1
327,2,952.75,80.29,44.99,33.21,0.91,-1,-1,-1
327,102,510.08,88.56,71.21,53.00,0.91,-1,-1,-1
327,114,797.18,21.75,24.85,15.30,0.65,-1,-1,-1
328,2,954.28,80.58,44.92,33.18,0.94,-1,-1,-1
328,102,512.23,90.15,71.53,52.23,0.93,-1,-1,-1
328,114,797.36,16.46,20.82,14.98,0.37,-1,-1,-1
329,102,512.61,90.21,70.71,52.29,0.93,-1,-1,-1
329,2,954.14,81.06,45.00,33.30,0.91,-1,-1,-1
329,114,794.25,11.33,18.97,15.16,0.49,-1,-1,-1
330,102,513.77,90.20,70.71,52.09,0.92,-1,-1,-1
330,2,955.70,81.15,44.90,33.48,0.91,-1,-1,-1
331,2,955.19,81.21,44.98,33.46,0.92,-1,-1,-1
331,102,513.87,89.44,70.32,52.35,0.91,-1,-1,-1
332,2,953.04,80.16,45.50,33.58,0.93,-1,-1,-1
332,102,511.29,88.61,71.72,52.86,0.91,-1,-1,-1
332,115,649.60,49.32,46.28,38.89,0.72,-1,-1,-1
333,2,953.27,80.39,45.31,33.27,0.94,-1,-1,-1
333,102,512.16,89.47,70.58,52.30,0.92,-1,-1,-1
333,115,640.15,57.34,52.01,43.16,0.75,-1,-1,-1
334,102,513.44,89.79,70.68,52.22,0.93,-1,-1,-1
334,2,955.33,81.02,45.30,33.25,0.92,-1,-1,-1
334,115,630.52,65.84,55.11,45.61,0.83,-1,-1,-1
335,102,514.18,90.89,69.85,51.56,0.92,-1,-1,-1
335,2,955.50,81.34,44.72,33.22,0.91,-1,-1,-1
335,115,616.74,72.21,60.94,55.90,0.84,-1,-1,-1
336,2,952.63,79.94,45.34,33.83,0.93,-1,-1,-1
336,102,509.99,88.83,70.10,52.34,0.91,-1,-1,-1
336,115,605.06,78.66,60.63,53.43,0.81,-1,-1,-1
337,2,953.99,80.27,44.94,33.54,0.93,-1,-1,-1
337,102,511.60,89.38,69.65,52.58,0.89,-1,-1,-1
337,115,598.95,84.02,62.22,53.98,0.86,-1,-1,-1
338,102,513.11,88.84,69.73,52.97,0.93,-1,-1,-1
338,115,595.89,88.04,65.50,53.84,0.92,-1,-1,-1
338,2,956.16,81.56,44.75,33.18,0.91,-1,-1,-1
339,115,591.53,90.92,67.73,53.49,0.92,-1,-1,-1
339,2,955.51,81.66,44.96,33.14,0.91,-1,-1,-1
339,102,513.85,88.53,67.98,53.77,0.90,-1,-1,-1
340,115,587.60,90.48,70.12,54.20,0.92,-1,-1,-1
340,102,508.84,88.80,70.08,53.42,0.91,-1,-1,-1
340,2,951.95,80.44,44.77,33.30,0.91,-1,-1,-1
341,102,512.59,89.03,67.40,53.17,0.93,-1,-1,-1
341,2,953.90,79.70,45.17,33.51,0.92,-1,-1,-1
341,115,590.14,92.22,69.65,56.01,0.91,-1,-1,-1
342,102,514.52,88.87,71.14,53.97,0.92,-1,-1,-1
342,2,956.01,80.77,44.90,33.55,0.92,-1,-1,-1
342,115,591.30,92.47,68.81,54.62,0.91,-1,-1,-1
343,2,956.00,80.53,45.09,33.41,0.91,-1,-1,-1
343,115,591.40,91.96,66.93,53.90,0.91,-1,-1,-1
343,102,514.64,88.54,67.99,55.75,0.91,-1,-1,-1
344,2,952.49,80.59,44.98,33.46,0.92,-1,-1,-1
344,102,511.60,88.84,68.65,54.91,0.91,-1,-1,-1
344,115,588.87,91.00,67.53,54.31,0.89,-1,-1,-1
345,2,954.21,80.65,44.86,33.51,0.92,-1,-1,-1
345,115,590.88,91.42,65.08,57.58,0.92,-1,-1,-1
345,102,514.27,88.69,69.05,54.35,0.90,-1,-1,-1
346,102,516.29,88.87,67.23,53.65,0.92,-1,-1,-1
346,2,955.51,81.26,45.07,33.19,0.92,-1,-1,-1
346,115,591.23,92.64,66.02,53.35,0.91,-1,-1,-1
347,2,956.11,80.87,45.06,33.31,0.92,-1,-1,-1
347,115,591.60,93.18,67.12,55.59,0.91,-1,-1,-1
347,102,515.93,88.69,68.69,53.95,0.90,-1,-1,-1
348,2,954.07,79.89,44.64,33.50,0.94,-1,-1,-1
348,115,589.40,89.05,69.16,59.35,0.92,-1,-1,-1
348,102,513.30,88.60,66.78,54.60,0.92,-1,-1,-1
349,2,952.98,81.58,45.13,32.90,0.92,-1,-1,-1
349,115,588.40,90.28,70.92,60.08,0.90,-1,-1,-1
349,102,514.95,86.44,66.76,57.08,0.85,-1,-1,-1
350,2,955.68,81.00,45.04,33.33,0.92,-1,-1,-1
350,115,591.20,91.22,68.62,59.25,0.86,-1,-1,-1
350,102,516.75,88.81,64.25,55.88,0.79,-1,-1,-1
351,2,955.63,81.31,45.05,33.06,0.92,-1,-1,-1
351,115,591.73,91.69,67.24,56.72,0.88,-1,-1,-1
351,102,515.81,93.42,64.57,52.11,0.75,-1,-1,-1
352,2,953.66,81.37,44.61,33.23,0.92,-1,-1,-1
352,115,590.72,93.25,66.61,53.99,0.90,-1,-1,-1
352,102,514.35,92.97,65.32,51.30,0.82,-1,-1,-1
353,2,954.17,80.77,44.49,33.21,0.92,-1,-1,-1
353,115,590.98,92.98,67.06,55.33,0.88,-1,-1,-1
353,102,516.62,93.32,62.95,50.93,0.83,-1,-1,-1
354,2,955.51,80.84,45.15,32.97,0.92,-1,-1,-1
354,115,590.47,92.76,67.92,56.47,0.88,-1,-1,-1
354,102,519.63,94.23,59.50,50.00,0.79,-1,-1,-1
355,2,955.27,80.82,45.25,33.52,0.92,-1,-1,-1
355,115,587.28,96.12,69.10,56.22,0.89,-1,-1,-1
355,102,518.41,93.57,61.67,50.81,0.75,-1,-1,-1
356,2,954.23,81.05,44.39,33.17,0.92,-1,-1,-1
356,115,584.87,96.93,68.34,56.61,0.87,-1,-1,-1
356,102,516.19,92.33,63.63,52.22,0.80,-1,-1,-1
357,2,953.02,80.67,44.69,33.47,0.92,-1,-1,-1
357,115,582.71,97.48,66.81,55.69,0.87,-1,-1,-1
357,102,513.02,91.67,66.52,52.38,0.75,-1,-1,-1
358,2,955.20,80.95,44.85,33.34,0.92,-1,-1,-1
358,115,584.16,98.20,68.24,54.25,0.90,-1,-1,-1
358,102,515.99,92.84,64.25,51.59,0.77,-1,-1,-1
359,2,955.74,81.27,44.83,33.14,0.92,-1,-1,-1
359,115,583.68,99.16,67.60,54.75,0.87,-1,-1,-1
359,102,514.68,91.96,65.75,52.73,0.81,-1,-1,-1
360,2,955.28,80.51,44.61,33.28,0.93,-1,-1,-1
360,115,573.28,102.86,70.90,64.56,0.87,-1,-1,-1
360,102,513.80,91.88,63.22,51.89,0.82,-1,-1,-1
