1441,1,640.88,93.82,55.61,45.07,0.95,-1,-1,-1
1441,2,825.48,55.65,27.55,24.95,0.88,-1,-1,-1
1441,3,675.60,34.69,24.71,21.52,0.86,-1,-1,-1
1441,4,788.92,44.11,23.83,21.90,0.83,-1,-1,-1
1441,5,655.52,24.19,23.88,18.22,0.67,-1,-1,-1
1441,6,825.53,41.24,24.96,17.67,0.61,-1,-1,-1
1442,1,561.21,148.12,88.51,72.41,0.96,-1,-1,-1
1442,3,654.21,43.31,31.38,25.39,0.89,-1,-1,-1
1442,2,826.86,45.98,23.23,20.85,0.88,-1,-1,-1
1442,4,788.11,37.28,21.41,19.86,0.84,-1,-1,-1
1442,5,655.64,23.49,24.16,18.13,0.72,-1,-1,-1
1442,6,819.66,33.43,20.93,17.53,0.55,-1,-1,-1
1443,3,623.46,55.05,38.87,31.27,0.93,-1,-1,-1
1443,1,310.93,299.86,210.45,185.94,0.93,-1,-1,-1
1443,4,788.74,32.33,18.08,16.69,0.83,-1,-1,-1
1443,2,826.31,38.53,20.22,17.68,0.78,-1,-1,-1
1443,6,813.74,27.64,19.31,14.53,0.74,-1,-1,-1
1443,5,655.79,22.89,24.13,18.67,0.71,-1,-1,-1
1444,3,573.92,73.10,51.80,41.66,0.94,-1,-1,-1
1444,2,823.27,31.76,17.58,15.76,0.79,-1,-1,-1
1444,4,788.18,27.12,16.27,15.32,0.78,-1,-1,-1
1444,5,655.26,22.53,24.43,18.57,0.71,-1,-1,-1
1444,6,805.61,22.42,18.76,14.35,0.35,-1,-1,-1
1445,3,484.13,107.99,78.41,61.31,0.95,-1,-1,-1
1445,2,818.91,27.15,16.90,13.77,0.77,-1,-1,-1
1445,5,654.97,22.61,24.08,18.29,0.74,-1,-1,-1
1445,7,680.54,39.87,18.80,14.00,0.63,-1,-1,-1
1445,4,788.10,23.70,14.78,13.53,0.54,-1,-1,-1
1446,3,269.11,187.79,152.51,111.63,0.96,-1,-1,-1
1446,7,662.76,42.17,29.68,22.82,0.87,-1,-1,-1
1446,5,655.54,21.97,23.08,18.56,0.73,-1,-1,-1
1446,4,788.03,20.73,14.36,12.22,0.70,-1,-1,-1
1446,2,815.62,22.59,15.11,12.61,0.70,-1,-1,-1
1447,7,639.12,53.45,36.36,26.33,0.91,-1,-1,-1
1447,8,730.84,26.70,19.30,15.69,0.80,-1,-1,-1
1447,5,655.04,22.29,23.97,18.37,0.67,-1,-1,-1
1447,2,811.87,20.14,14.22,10.87,0.40,-1,-1,-1
1447,4,787.99,18.19,14.56,11.92,0.34,-1,-1,-1
1448,7,606.50,67.26,45.24,32.81,0.93,-1,-1,-1
1448,8,722.50,34.24,19.95,18.26,0.72,-1,-1,-1
1448,5,654.83,22.60,24.78,19.16,0.43,-1,-1,-1
1448,2,808.22,17.49,13.73,10.54,0.26,-1,-1,-1
1449,7,567.44,83.82,56.13,41.39,0.94,-1,-1,-1
1449,5,655.04,22.63,24.66,19.01,0.49,-1,-1,-1
1449,2,789.40,11.27,13.61,13.56,0.32,-1,-1,-1
1450,7,516.71,105.87,71.46,50.92,0.95,-1,-1,-1
1450,5,653.19,22.44,24.83,18.91,0.44,-1,-1,-1
1451,7,454.40,132.98,91.46,63.75,0.95,-1,-1,-1
1451,9,656.04,78.37,40.26,37.37,0.92,-1,-1,-1
1451,10,1147.71,598.79,132.29,119.14,0.90,-1,-1,-1
1451,5,653.14,22.26,24.93,19.09,0.47,-1,-1,-1
1452,10,925.18,201.18,105.27,85.00,0.96,-1,-1,-1
1452,7,375.20,163.87,121.42,82.31,0.96,-1,-1,-1
1452,9,602.19,118.72,66.90,56.42,0.95,-1,-1,-1
1452,5,653.92,22.74,24.78,18.87,0.51,-1,-1,-1
1453,7,266.47,197.85,168.26,104.03,0.97,-1,-1,-1
1453,5,460.62,215.70,132.06,114.13,0.97,-1,-1,-1
1453,10,872.00,112.65,58.05,47.09,0.96,-1,-1,-1
1453,11,822.59,406.62,188.27,203.20,0.90,-1,-1,-1
1453,12,724.34,15.80,15.25,12.27,0.53,-1,-1,-1
1454,7,107.49,237.88,239.61,126.46,0.96,-1,-1,-1
1454,11,807.60,181.94,84.87,78.01,0.95,-1,-1,-1
1454,10,847.13,76.22,39.91,32.03,0.92,-1,-1,-1
1454,12,1089.20,437.41,190.21,226.11,0.88,-1,-1,-1
1455,12,931.84,186.72,99.35,76.93,0.97,-1,-1,-1
1455,11,799.80,111.53,54.41,47.90,0.95,-1,-1,-1
1455,10,832.84,56.18,30.85,24.51,0.90,-1,-1,-1
1455,7,0.00,282.68,179.63,145.47,0.87,-1,-1,-1
1456,12,882.10,113.09,58.41,47.46,0.94,-1,-1,-1
1456,11,797.67,78.10,38.86,34.11,0.91,-1,-1,-1
1456,10,825.49,43.01,23.66,20.31,0.88,-1,-1,-1
1457,12,858.49,79.01,41.60,32.95,0.93,-1,-1,-1
1457,13,775.64,405.60,195.22,215.95,0.91,-1,-1,-1
1457,10,820.37,35.63,20.37,16.27,0.89,-1,-1,-1
1457,11,796.67,59.84,30.87,26.59,0.86,-1,-1,-1
1457,14,655.12,22.91,24.31,18.52,0.66,-1,-1,-1
1458,13,789.97,183.07,89.21,77.94,0.95,-1,-1,-1
1458,12,845.16,61.30,31.52,24.24,0.87,-1,-1,-1
1458,11,795.02,47.90,26.17,21.72,0.85,-1,-1,-1
1458,10,816.43,29.92,17.73,13.76,0.81,-1,-1,-1
1458,14,681.44,38.80,17.81,16.58,0.69,-1,-1,-1
1459,13,794.05,113.26,55.76,48.19,0.96,-1,-1,-1
1459,14,664.94,37.40,26.57,29.05,0.88,-1,-1,-1
1459,12,836.82,49.51,25.36,19.36,0.87,-1,-1,-1
1459,10,813.76,24.81,15.89,12.54,0.79,-1,-1,-1
1459,11,794.06,40.00,21.03,17.96,0.73,-1,-1,-1
1460,15,998.26,288.55,158.76,116.83,0.96,-1,-1,-1
1460,13,793.82,79.49,41.73,34.53,0.91,-1,-1,-1
1460,14,640.09,45.47,33.19,35.58,0.91,-1,-1,-1
1460,12,830.88,40.77,20.52,16.19,0.83,-1,-1,-1
1460,11,792.64,33.56,18.45,15.76,0.73,-1,-1,-1
1460,16,734.51,25.80,18.59,15.62,0.64,-1,-1,-1
1460,17,654.03,22.78,24.32,18.11,0.59,-1,-1,-1
1460,10,809.84,21.22,15.19,11.74,0.42,-1,-1,-1
1461,15,914.04,166.28,84.36,66.14,0.95,-1,-1,-1
1461,14,605.80,58.98,40.84,44.73,0.94,-1,-1,-1
1461,13,793.22,61.44,33.55,26.54,0.88,-1,-1,-1
1461,12,824.95,34.68,18.32,14.31,0.75,-1,-1,-1
1461,16,727.92,31.47,22.27,17.97,0.67,-1,-1,-1
1461,11,791.82,30.08,16.59,12.99,0.67,-1,-1,-1
1462,14,550.71,80.66,56.79,59.24,0.95,-1,-1,-1
1462,15,875.55,113.74,56.29,45.45,0.93,-1,-1,-1
1462,13,792.44,49.34,27.07,21.69,0.89,-1,-1,-1
1462,12,820.83,30.28,16.51,12.76,0.80,-1,-1,-1
1463,14,531.38,88.47,61.63,65.57,0.95,-1,-1,-1
1463,15,870.15,104.17,51.59,41.36,0.94,-1,-1,-1
1463,13,793.38,46.60,26.20,20.40,0.87,-1,-1,-1
1463,12,821.12,28.39,15.97,12.21,0.70,-1,-1,-1
1463,11,793.43,23.81,14.70,12.33,0.31,-1,-1,-1
1464,14,531.33,88.46,61.76,65.58,0.95,-1,-1,-1
1464,15,870.13,104.51,51.43,41.03,0.95,-1,-1,-1
1464,13,793.31,46.60,26.25,20.36,0.86,-1,-1,-1
1464,12,821.17,28.33,15.91,12.22,0.69,-1,-1,-1
1464,11,793.41,23.79,14.74,12.34,0.31,-1,-1,-1
1465,18,588.38,123.31,71.60,61.90,0.95,-1,-1,-1
1465,19,1160.37,543.20,119.53,173.00,0.91,-1,-1,-1
1465,15,831.55,48.05,24.24,20.94,0.89,-1,-1,-1
1465,13,788.76,25.50,17.40,14.26,0.63,-1,-1,-1
1466,18,588.38,123.31,71.60,61.90,0.95,-1,-1,-1
1466,19,1160.37,543.20,119.53,173.00,0.91,-1,-1,-1
1466,15,831.55,48.05,24.24,20.94,0.89,-1,-1,-1
1466,13,788.76,25.50,17.40,14.26,0.63,-1,-1,-1
1467,18,588.38,123.31,71.60,61.90,0.95,-1,-1,-1
1467,19,1160.37,543.20,119.53,173.00,0.91,-1,-1,-1
1467,15,831.55,48.05,24.24,20.94,0.89,-1,-1,-1
1467,13,788.76,25.50,17.40,14.26,0.63,-1,-1,-1
1468,18,588.38,123.31,71.60,61.90,0.95,-1,-1,-1
1468,19,1160.37,543.20,119.53,173.00,0.91,-1,-1,-1
1468,15,831.55,48.05,24.24,20.94,0.89,-1,-1,-1
1468,13,788.76,25.50,17.40,14.26,0.63,-1,-1,-1
1469,19,868.60,89.41,48.07,42.76,0.94,-1,-1,-1
1469,12,815.61,27.80,17.31,13.73,0.83,-1,-1,-1
1469,11,789.64,13.83,11.31,12.14,0.36,-1,-1,-1
1470,19,851.37,68.46,37.58,33.03,0.93,-1,-1,-1
1470,20,655.25,22.96,24.84,18.48,0.67,-1,-1,-1
1470,12,814.52,24.46,15.34,12.58,0.48,-1,-1,-1
1471,21,646.25,85.99,49.23,41.94,0.95,-1,-1,-1
1471,19,840.56,54.68,30.09,27.37,0.92,-1,-1,-1
1471,22,1152.56,487.05,127.01,228.34,0.90,-1,-1,-1
1471,20,654.67,22.64,24.90,18.56,0.64,-1,-1,-1
1471,12,812.64,20.91,14.95,12.22,0.61,-1,-1,-1
1471,11,789.60,9.71,10.95,11.32,0.27,-1,-1,-1
1472,22,972.91,222.71,116.57,88.17,0.96,-1,-1,-1
1472,21,555.73,144.52,84.96,72.36,0.96,-1,-1,-1
1472,19,833.22,45.09,26.39,23.04,0.87,-1,-1,-1
1472,20,655.41,22.56,24.31,18.45,0.69,-1,-1,-1
1472,12,811.52,18.49,13.71,11.10,0.44,-1,-1,-1
1473,22,908.72,136.95,68.53,54.86,0.95,-1,-1,-1
1473,21,179.66,362.95,264.26,231.88,0.94,-1,-1,-1
1473,19,828.16,37.43,22.12,19.41,0.85,-1,-1,-1
1473,20,655.67,21.83,23.86,18.46,0.76,-1,-1,-1
1473,23,675.27,41.60,24.95,17.27,0.74,-1,-1,-1
1474,22,874.73,97.09,49.05,39.68,0.93,-1,-1,-1
1474,23,652.57,47.68,33.83,26.27,0.89,-1,-1,-1
1474,19,822.72,32.28,19.64,18.06,0.80,-1,-1,-1
1474,20,654.45,22.55,24.81,18.46,0.56,-1,-1,-1
1475,22,855.12,72.97,37.10,30.49,0.92,-1,-1,-1
1475,20,620.38,60.52,42.42,34.97,0.91,-1,-1,-1
1475,19,818.90,28.59,18.45,15.52,0.75,-1,-1,-1
1476,20,567.55,80.88,57.12,49.32,0.95,-1,-1,-1
1476,22,842.50,57.56,29.58,24.64,0.91,-1,-1,-1
1476,24,654.27,22.81,23.28,17.74,0.75,-1,-1,-1
1476,19,815.15,23.99,17.95,14.18,0.63,-1,-1,-1
1477,20,458.73,128.23,93.43,77.49,0.97,-1,-1,-1
1477,25,839.68,393.99,184.52,200.84,0.93,-1,-1,-1
1477,22,834.54,47.88,24.39,20.51,0.89,-1,-1,-1
1477,19,812.89,22.04,16.29,12.47,0.73,-1,-1,-1
1477,24,653.94,22.99,23.73,17.30,0.62,-1,-1,-1
1478,25,817.11,190.37,97.61,85.92,0.96,-1,-1,-1
1478,20,143.06,248.62,214.42,181.02,0.95,-1,-1,-1
1478,22,829.16,40.41,20.66,17.81,0.86,-1,-1,-1
1478,24,653.33,22.44,24.88,18.78,0.63,-1,-1,-1
1478,19,810.44,19.20,14.44,12.03,0.63,-1,-1,-1
1479,25,811.01,121.30,60.80,54.66,0.94,-1,-1,-1
1479,24,653.14,21.71,24.76,18.62,0.81,-1,-1,-1
1479,22,823.64,33.05,19.43,16.35,0.81,-1,-1,-1
1479,19,808.35,16.62,14.79,11.16,0.55,-1,-1,-1
1480,25,805.55,86.94,46.44,40.30,0.91,-1,-1,-1
1480,22,820.66,29.16,17.51,14.22,0.83,-1,-1,-1
1480,24,653.92,22.11,24.96,19.04,0.80,-1,-1,-1
1481,25,801.94,66.89,35.11,30.95,0.87,-1,-1,-1
1481,24,654.74,22.91,24.72,18.24,0.81,-1,-1,-1
1481,22,819.18,25.89,16.42,13.00,0.65,-1,-1,-1
1482,25,799.73,52.87,29.18,25.54,0.88,-1,-1,-1
1482,24,655.57,22.44,24.47,18.59,0.85,-1,-1,-1
1482,22,818.10,22.50,15.10,12.02,0.31,-1,-1,-1
1483,24,655.12,22.93,24.66,18.33,0.83,-1,-1,-1
1483,25,797.54,43.71,24.22,21.85,0.82,-1,-1,-1
1484,25,794.33,37.69,21.94,18.77,0.79,-1,-1,-1
1484,24,654.60,23.05,24.91,18.78,0.73,-1,-1,-1
1485,25,793.04,31.50,18.74,16.48,0.82,-1,-1,-1
1485,24,654.98,22.68,24.90,18.83,0.78,-1,-1,-1
1486,24,654.27,22.64,24.40,18.62,0.79,-1,-1,-1
1486,25,791.23,27.33,16.97,14.43,0.69,-1,-1,-1
1487,25,790.63,23.36,15.02,13.95,0.66,-1,-1,-1
1487,24,653.18,22.83,25.46,19.12,0.58,-1,-1,-1
1488,24,653.12,22.24,25.01,19.25,0.70,-1,-1,-1
1488,25,789.30,20.97,13.40,12.14,0.37,-1,-1,-1
1489,24,654.10,22.59,24.51,18.57,0.75,-1,-1,-1
1490,24,654.34,22.18,24.80,18.87,0.63,-1,-1,-1
1491,24,654.49,22.49,24.95,19.21,0.54,-1,-1,-1
1492,24,654.31,22.33,25.61,19.34,0.62,-1,-1,-1
1493,24,654.92,22.78,24.70,19.16,0.51,-1,-1,-1
1494,24,655.16,22.91,24.62,19.08,0.69,-1,-1,-1
1495,24,654.76,22.75,25.21,19.07,0.65,-1,-1,-1
1496,24,655.24,22.53,24.43,18.92,0.72,-1,-1,-1
1497,24,654.97,22.67,24.53,18.85,0.65,-1,-1,-1
1498,24,654.72,22.80,24.69,18.69,0.64,-1,-1,-1
1499,24,654.14,22.62,24.84,18.70,0.78,-1,-1,-1
1500,24,653.72,22.64,24.69,18.59,0.75,-1,-1,-1
1500,26,737.70,24.96,15.78,16.17,0.57,-1,-1,-1
1501,26,733.54,29.12,17.87,17.06,0.75,-1,-1,-1
1501,24,652.85,22.38,24.97,19.25,0.61,-1,-1,-1
1502,26,727.59,33.05,21.17,18.85,0.72,-1,-1,-1
1502,24,653.12,22.78,25.29,18.94,0.67,-1,-1,-1
1503,24,654.72,22.61,24.32,18.60,0.78,-1,-1,-1
1503,26,723.61,36.39,21.82,22.03,0.62,-1,-1,-1
1504,24,655.46,22.69,24.53,18.36,0.83,-1,-1,-1
1505,24,656.21,22.54,24.31,18.49,0.77,-1,-1,-1
1506,24,656.06,22.49,24.22,18.64,0.83,-1,-1,-1
1507,24,655.44,22.92,24.46,19.19,0.67,-1,-1,-1
1507,26,676.10,69.12,22.83,36.88,0.61,-1,-1,-1
1508,26,657.20,79.51,41.58,47.71,0.93,-1,-1,-1
1508,24,654.99,22.60,24.38,19.06,0.69,-1,-1,-1
1509,26,631.24,96.94,58.22,56.49,0.95,-1,-1,-1
1509,24,654.59,22.94,24.71,18.72,0.76,-1,-1,-1
1510,26,598.27,117.90,70.34,68.71,0.94,-1,-1,-1
1510,24,652.98,23.09,24.93,18.57,0.71,-1,-1,-1
1511,26,560.61,139.75,86.76,88.09,0.96,-1,-1,-1
1511,24,652.58,23.30,24.81,18.32,0.74,-1,-1,-1
1512,26,524.28,162.60,102.74,103.04,0.96,-1,-1,-1
1512,24,653.14,22.81,24.75,18.71,0.72,-1,-1,-1
1513,26,501.07,177.33,113.99,112.53,0.96,-1,-1,-1
1513,27,724.80,15.85,14.49,11.33,0.52,-1,-1,-1
1513,24,652.65,22.92,25.19,18.88,0.41,-1,-1,-1
1514,26,493.80,182.43,117.30,116.38,0.96,-1,-1,-1
1514,24,653.44,22.65,24.87,19.16,0.57,-1,-1,-1
1515,26,493.01,183.07,117.78,116.79,0.96,-1,-1,-1
1515,24,654.60,22.32,24.83,19.22,0.64,-1,-1,-1
1516,26,492.53,183.18,117.85,117.12,0.96,-1,-1,-1
1516,24,654.80,22.72,24.72,18.94,0.66,-1,-1,-1
1517,26,493.13,183.77,117.60,117.45,0.97,-1,-1,-1
1517,28,683.68,35.64,16.35,18.67,0.58,-1,-1,-1
1517,24,655.55,23.22,24.49,18.76,0.56,-1,-1,-1
1518,26,483.17,190.00,123.55,120.82,0.96,-1,-1,-1
1518,28,663.08,42.29,28.43,25.29,0.90,-1,-1,-1
1518,24,655.71,22.85,23.26,18.27,0.69,-1,-1,-1
1519,26,452.37,207.84,136.36,135.98,0.96,-1,-1,-1
1519,28,629.56,55.61,37.42,32.68,0.92,-1,-1,-1
1519,24,654.91,23.08,25.04,18.30,0.84,-1,-1,-1
1520,28,571.33,79.52,52.68,45.49,0.94,-1,-1,-1
1520,26,385.90,246.39,166.57,172.93,0.94,-1,-1,-1
1520,24,654.66,23.12,25.08,18.65,0.76,-1,-1,-1
1521,28,444.39,127.36,90.10,75.50,0.96,-1,-1,-1
1521,26,246.21,327.80,241.79,249.53,0.94,-1,-1,-1
1521,24,654.34,22.76,25.19,19.20,0.51,-1,-1,-1
1522,28,33.44,272.38,240.85,196.26,0.94,-1,-1,-1
1522,26,0.87,498.40,343.75,217.31,0.92,-1,-1,-1
1522,24,654.66,22.78,24.72,18.55,0.64,-1,-1,-1
1523,24,653.55,23.25,24.98,18.78,0.62,-1,-1,-1
1524,24,653.17,23.29,25.70,18.88,0.68,-1,-1,-1
1525,24,654.09,22.57,25.29,18.91,0.72,-1,-1,-1
1526,24,655.06,22.53,24.73,19.17,0.60,-1,-1,-1
1527,29,1106.00,304.53,174.00,215.01,0.91,-1,-1,-1
1527,24,653.54,22.34,25.75,19.58,0.26,-1,-1,-1
1528,29,936.21,131.79,87.23,91.85,0.95,-1,-1,-1
1528,24,655.31,22.28,24.88,19.27,0.42,-1,-1,-1
1529,29,881.83,80.91,52.53,57.48,0.93,-1,-1,-1
1530,29,856.51,56.34,35.62,42.28,0.90,-1,-1,-1
1531,29,842.71,43.41,26.89,32.50,0.84,-1,-1,-1
1531,24,655.22,22.97,24.91,18.98,0.46,-1,-1,-1
1532,29,833.36,35.55,21.45,25.65,0.81,-1,-1,-1
1532,24,654.80,22.67,24.81,19.04,0.35,-1,-1,-1
1533,29,828.98,28.51,17.58,21.97,0.56,-1,-1,-1
1534,29,821.94,24.51,16.30,17.62,0.41,-1,-1,-1
1535,29,817.71,21.43,13.71,14.97,0.26,-1,-1,-1
1536,29,814.99,18.94,13.54,12.18,0.26,-1,-1,-1
1539,30,723.75,28.98,19.99,17.76,0.71,-1,-1,-1
1540,30,668.51,30.36,23.89,22.63,0.57,-1,-1,-1
1541,30,660.37,31.78,24.93,25.23,0.80,-1,-1,-1
1541,31,703.08,44.98,28.35,25.70,0.55,-1,-1,-1
1542,31,956.98,194.63,124.34,109.11,0.96,-1,-1,-1
1542,30,650.90,37.11,26.31,25.47,0.71,-1,-1,-1
1543,31,881.06,100.60,62.24,55.70,0.95,-1,-1,-1
1543,32,644.36,81.56,50.93,45.35,0.95,-1,-1,-1
1543,30,640.69,40.15,29.68,29.42,0.90,-1,-1,-1
1543,33,655.76,22.23,24.00,17.89,0.65,-1,-1,-1
1544,32,567.58,129.20,82.28,73.64,0.96,-1,-1,-1
1544,31,851.01,64.21,39.72,37.19,0.93,-1,-1,-1
1544,30,629.27,45.38,32.13,31.83,0.88,-1,-1,-1
1544,33,654.73,22.40,24.76,18.81,0.61,-1,-1,-1
1545,32,308.67,270.48,207.39,200.78,0.94,-1,-1,-1
1545,30,614.14,51.52,36.64,36.76,0.91,-1,-1,-1
1545,31,835.76,46.80,28.44,27.02,0.89,-1,-1,-1
1545,33,655.38,22.51,24.99,18.45,0.62,-1,-1,-1
1545,34,683.41,43.62,16.33,19.81,0.51,-1,-1,-1
1546,30,593.56,60.07,43.93,42.31,0.93,-1,-1,-1
1546,34,675.58,52.12,22.78,24.75,0.82,-1,-1,-1
1546,31,828.50,35.40,21.15,21.79,0.82,-1,-1,-1
1546,33,654.80,22.24,24.99,18.94,0.54,-1,-1,-1
1547,30,562.29,71.68,52.07,49.75,0.94,-1,-1,-1
1547,34,662.94,66.30,33.99,31.15,0.91,-1,-1,-1
1547,31,821.58,28.80,18.52,17.76,0.78,-1,-1,-1
1547,33,654.58,22.72,24.87,18.61,0.51,-1,-1,-1
1548,30,516.63,88.42,64.03,59.90,0.95,-1,-1,-1
1548,34,635.87,87.82,48.51,41.63,0.95,-1,-1,-1
1548,35,837.87,504.83,193.61,210.73,0.91,-1,-1,-1
1548,31,817.35,23.33,15.84,15.37,0.74,-1,-1,-1
1548,33,653.07,22.65,26.05,19.37,0.58,-1,-1,-1
1549,30,449.08,111.04,83.88,77.83,0.96,-1,-1,-1
1549,35,817.34,205.54,80.09,77.13,0.95,-1,-1,-1
1549,34,573.72,128.93,72.53,60.71,0.95,-1,-1,-1
1549,31,815.03,19.49,14.02,13.08,0.71,-1,-1,-1
1549,33,654.57,22.96,24.69,18.81,0.61,-1,-1,-1
1550,34,412.70,222.13,138.23,115.13,0.97,-1,-1,-1
1550,30,334.96,151.45,120.77,107.00,0.96,-1,-1,-1
1550,35,810.12,124.26,54.30,45.54,0.93,-1,-1,-1
1550,33,654.46,22.85,24.61,18.80,0.61,-1,-1,-1
1550,31,812.04,16.63,13.43,11.87,0.51,-1,-1,-1
1551,30,112.51,225.41,203.53,175.88,0.96,-1,-1,-1
1551,32,0.09,626.78,164.78,91.37,0.93,-1,-1,-1
1551,35,806.06,85.74,36.94,32.35,0.91,-1,-1,-1
1551,36,784.65,394.87,258.56,318.89,0.91,-1,-1,-1
1551,33,654.88,22.78,24.33,18.69,0.65,-1,-1,-1
1552,36,790.77,176.43,110.60,128.28,0.95,-1,-1,-1
1552,35,803.72,64.44,29.85,25.39,0.91,-1,-1,-1
1552,33,655.10,22.92,24.09,18.82,0.56,-1,-1,-1
1553,37,833.24,515.24,271.11,200.88,0.96,-1,-1,-1
1553,36,791.03,109.44,70.57,75.76,0.93,-1,-1,-1
1553,35,802.13,51.25,26.35,20.54,0.87,-1,-1,-1
1553,33,655.64,22.50,23.75,18.88,0.60,-1,-1,-1
1554,37,809.48,226.46,113.40,109.84,0.94,-1,-1,-1
1554,36,791.91,76.57,50.62,53.67,0.92,-1,-1,-1
1554,35,799.62,41.49,21.91,17.34,0.80,-1,-1,-1
1554,33,655.58,22.38,24.12,18.86,0.75,-1,-1,-1
1555,37,799.51,139.08,72.14,62.06,0.94,-1,-1,-1
1555,36,791.80,57.38,39.40,42.53,0.88,-1,-1,-1
1555,33,655.54,22.47,23.92,19.16,0.74,-1,-1,-1
1555,35,797.42,33.89,20.08,15.99,0.49,-1,-1,-1
1556,37,799.66,96.27,51.45,43.47,0.94,-1,-1,-1
1556,36,791.68,45.10,31.20,34.92,0.83,-1,-1,-1
1556,33,655.32,22.81,24.71,18.51,0.80,-1,-1,-1
1557,37,800.88,73.22,40.66,33.38,0.91,-1,-1,-1
1557,36,790.38,37.08,26.89,29.04,0.80,-1,-1,-1
1557,33,654.47,23.14,24.93,18.45,0.68,-1,-1,-1
1558,37,799.49,58.77,32.36,26.56,0.86,-1,-1,-1
1558,33,653.96,23.47,24.84,18.34,0.78,-1,-1,-1
1558,36,788.74,33.22,23.21,23.27,0.37,-1,-1,-1
1559,37,795.77,48.49,28.16,22.10,0.87,-1,-1,-1
1559,33,653.42,22.62,24.73,18.90,0.59,-1,-1,-1
1559,36,788.40,30.16,18.92,18.59,0.46,-1,-1,-1
1560,37,794.34,40.06,24.17,19.03,0.69,-1,-1,-1
1560,33,653.69,22.82,24.79,18.71,0.58,-1,-1,-1
1560,36,787.76,22.29,17.71,19.46,0.27,-1,-1,-1
1561,37,795.50,33.91,20.32,17.46,0.81,-1,-1,-1
1561,33,653.64,22.56,25.46,19.06,0.67,-1,-1,-1
1562,33,656.08,22.74,23.88,18.76,0.68,-1,-1,-1
1562,37,797.52,29.75,19.20,14.28,0.66,-1,-1,-1
1563,38,664.32,43.56,30.31,23.22,0.89,-1,-1,-1
1563,33,655.85,22.50,23.84,18.60,0.69,-1,-1,-1
1563,37,799.60,25.37,17.02,13.49,0.67,-1,-1,-1
1564,38,628.78,59.90,39.37,29.44,0.91,-1,-1,-1
1564,33,655.29,22.43,24.53,19.06,0.70,-1,-1,-1
1564,37,800.61,22.56,15.80,12.16,0.54,-1,-1,-1
1565,38,566.75,88.65,58.39,44.52,0.94,-1,-1,-1
1565,33,655.04,22.04,24.72,19.46,0.73,-1,-1,-1
1565,37,802.54,20.84,14.99,10.46,0.26,-1,-1,-1
1566,38,414.99,157.89,113.74,78.45,0.96,-1,-1,-1
1566,33,655.24,21.96,24.32,19.49,0.70,-1,-1,-1
1566,37,803.93,18.48,13.51,9.80,0.28,-1,-1,-1
1567,38,0.00,461.18,109.79,237.92,0.83,-1,-1,-1
1567,33,654.86,22.13,24.46,19.47,0.68,-1,-1,-1
1568,33,653.55,22.15,25.04,19.36,0.64,-1,-1,-1
1568,37,788.62,8.75,10.87,11.08,0.25,-1,-1,-1
1569,33,653.56,22.08,24.80,19.10,0.74,-1,-1,-1
1570,33,653.26,22.71,25.56,18.84,0.50,-1,-1,-1
1571,39,807.41,427.30,466.89,283.47,0.90,-1,-1,-1
1571,33,653.29,22.83,25.59,18.71,0.53,-1,-1,-1
1572,39,799.05,142.87,130.46,159.83,0.92,-1,-1,-1
1572,33,653.82,22.18,25.23,19.37,0.65,-1,-1,-1
1573,39,793.79,81.80,75.25,91.93,0.93,-1,-1,-1
1573,40,655.78,79.96,40.47,36.24,0.92,-1,-1,-1
1573,33,653.74,22.63,25.20,18.69,0.76,-1,-1,-1
1574,41,978.44,228.46,114.81,94.44,0.96,-1,-1,-1
1574,40,594.71,119.55,67.68,53.98,0.95,-1,-1,-1
1574,39,790.72,53.16,51.31,64.83,0.89,-1,-1,-1
1574,42,677.65,40.01,20.98,15.92,0.80,-1,-1,-1
1574,33,654.14,23.31,24.52,18.35,0.63,-1,-1,-1
1575,40,436.88,214.75,132.52,107.70,0.96,-1,-1,-1
1575,41,902.17,127.85,61.86,52.72,0.95,-1,-1,-1
1575,43,828.69,361.93,173.76,171.11,0.93,-1,-1,-1
1575,42,656.33,45.33,29.87,22.71,0.88,-1,-1,-1
1575,39,785.61,38.38,38.82,49.78,0.82,-1,-1,-1
1575,33,655.28,22.58,23.89,18.19,0.76,-1,-1,-1
1576,43,810.77,170.09,80.92,70.69,0.95,-1,-1,-1
1576,41,868.67,85.62,42.44,35.68,0.93,-1,-1,-1
1576,42,626.27,58.61,37.64,28.54,0.91,-1,-1,-1
1576,39,783.90,29.69,29.59,39.77,0.68,-1,-1,-1
1576,33,655.41,22.15,24.52,19.11,0.65,-1,-1,-1
1577,42,575.83,80.52,51.32,38.43,0.94,-1,-1,-1
1577,43,806.94,106.09,51.14,45.30,0.93,-1,-1,-1
1577,41,849.91,63.81,31.74,26.86,0.91,-1,-1,-1
1577,33,655.45,22.74,24.44,18.76,0.62,-1,-1,-1
1577,39,784.32,24.20,27.39,33.20,0.29,-1,-1,-1
1578,42,475.03,123.19,80.72,57.66,0.95,-1,-1,-1
1578,43,803.14,74.74,39.50,32.61,0.92,-1,-1,-1
1578,41,838.01,49.66,25.06,21.46,0.90,-1,-1,-1
1578,33,654.64,22.75,25.11,18.48,0.59,-1,-1,-1
1579,42,208.09,232.18,182.22,124.20,0.96,-1,-1,-1
1579,43,801.00,57.41,30.17,24.90,0.87,-1,-1,-1
1579,41,829.88,41.11,21.28,17.06,0.84,-1,-1,-1
1579,33,654.86,22.95,24.22,18.34,0.54,-1,-1,-1
1580,41,823.51,33.47,18.50,15.58,0.85,-1,-1,-1
1580,43,799.15,47.19,24.90,19.04,0.84,-1,-1,-1
1580,33,654.67,23.86,26.17,18.56,0.29,-1,-1,-1
1581,43,797.21,40.24,21.68,14.97,0.74,-1,-1,-1
1581,41,819.37,29.70,16.45,12.32,0.71,-1,-1,-1
1581,33,654.65,22.77,24.38,18.35,0.46,-1,-1,-1
1582,43,796.09,33.59,18.55,12.99,0.73,-1,-1,-1
1582,33,653.96,22.44,24.81,19.20,0.70,-1,-1,-1
1582,41,815.74,24.36,15.20,12.02,0.46,-1,-1,-1
1583,33,653.32,22.37,25.32,19.02,0.57,-1,-1,-1
1583,43,795.00,28.51,17.70,11.67,0.54,-1,-1,-1
1583,41,813.26,21.78,13.65,10.34,0.28,-1,-1,-1
1584,33,653.43,21.95,25.21,19.31,0.51,-1,-1,-1
1584,43,794.05,24.19,15.02,11.07,0.35,-1,-1,-1
1585,33,653.62,22.19,25.16,19.21,0.56,-1,-1,-1
1585,44,885.75,45.82,28.23,21.05,0.55,-1,-1,-1
1585,43,792.95,19.75,13.61,10.90,0.31,-1,-1,-1
1586,33,654.25,22.54,24.98,18.91,0.43,-1,-1,-1
1587,33,653.87,22.92,25.89,19.12,0.55,-1,-1,-1
1588,33,654.71,22.87,25.11,18.55,0.64,-1,-1,-1
1589,33,655.00,22.26,24.81,19.12,0.64,-1,-1,-1
1590,33,654.26,22.44,25.34,19.59,0.67,-1,-1,-1
1591,33,654.11,22.06,25.19,19.65,0.62,-1,-1,-1
1592,33,654.51,22.31,25.14,19.71,0.68,-1,-1,-1
1593,33,654.06,22.20,25.33,19.70,0.56,-1,-1,-1
1594,33,654.40,22.59,25.00,19.50,0.72,-1,-1,-1
1595,33,654.44,22.67,25.04,19.32,0.70,-1,-1,-1
1596,33,654.53,22.36,24.71,19.35,0.66,-1,-1,-1
1597,33,654.56,22.52,24.73,19.18,0.58,-1,-1,-1
1598,33,654.34,22.52,24.84,19.20,0.60,-1,-1,-1
1599,33,654.32,22.52,24.74,19.33,0.49,-1,-1,-1
1600,33,654.54,22.95,24.16,18.78,0.49,-1,-1,-1
1601,33,655.10,22.66,24.05,18.76,0.51,-1,-1,-1
1602,33,654.53,22.57,24.70,19.18,0.46,-1,-1,-1
1603,33,654.50,22.48,24.60,19.26,0.49,-1,-1,-1
1604,33,654.33,22.38,24.79,19.47,0.49,-1,-1,-1
1605,45,1.86,292.48,279.47,245.27,0.92,-1,-1,-1
1605,33,654.38,22.44,24.70,19.38,0.52,-1,-1,-1
1606,33,300.53,249.72,500.94,247.94,0.88,-1,-1,-1
1607,46,738.13,202.51,304.58,198.35,0.86,-1,-1,-1
1608,46,930.36,160.89,145.32,155.21,0.93,-1,-1,-1
1609,46,959.46,129.22,106.51,119.72,0.93,-1,-1,-1
1610,47,922.06,106.08,99.14,94.28,0.94,-1,-1,-1
1611,47,895.46,86.72,83.41,80.46,0.93,-1,-1,-1
1612,47,878.59,73.24,67.63,67.72,0.93,-1,-1,-1
1612,48,1224.36,667.77,55.43,51.24,0.61,-1,-1,-1
1613,48,1029.58,363.12,214.37,176.87,0.95,-1,-1,-1
1613,47,866.73,63.37,54.27,57.51,0.93,-1,-1,-1
1613,49,844.48,553.27,244.46,162.30,0.93,-1,-1,-1
1614,48,937.29,217.84,115.59,93.53,0.95,-1,-1,-1
1614,49,826.07,328.83,154.27,159.09,0.95,-1,-1,-1
1614,47,858.27,55.04,45.29,50.39,0.93,-1,-1,-1
1615,49,815.92,218.70,99.65,96.44,0.95,-1,-1,-1
1615,48,883.92,144.30,75.06,61.79,0.94,-1,-1,-1
1615,47,849.26,48.60,41.07,43.48,0.91,-1,-1,-1
1616,49,807.67,157.47,73.74,65.68,0.95,-1,-1,-1
1616,48,850.22,101.77,54.01,44.99,0.95,-1,-1,-1
1616,50,1187.01,632.97,92.95,85.17,0.89,-1,-1,-1
1616,47,841.24,42.52,35.83,38.75,0.88,-1,-1,-1
1617,49,800.82,117.44,54.70,48.60,0.94,-1,-1,-1
1617,50,1013.78,327.53,176.93,147.16,0.94,-1,-1,-1
1617,48,826.26,75.95,40.96,33.42,0.92,-1,-1,-1
1617,47,834.74,37.99,31.08,33.75,0.86,-1,-1,-1
1618,50,941.37,208.11,104.39,89.03,0.95,-1,-1,-1
1618,49,796.77,90.05,44.24,38.41,0.94,-1,-1,-1
1618,48,810.11,58.34,31.74,26.40,0.89,-1,-1,-1
1618,47,831.22,32.71,27.86,30.20,0.76,-1,-1,-1
1618,51,722.92,17.74,14.42,13.49,0.55,-1,-1,-1
1619,50,901.09,146.69,72.76,62.50,0.95,-1,-1,-1
1619,49,794.67,71.37,36.16,31.03,0.91,-1,-1,-1
1619,47,827.49,29.52,25.75,27.18,0.78,-1,-1,-1
1619,48,798.71,45.84,25.68,22.22,0.66,-1,-1,-1
1620,50,876.12,109.83,54.67,48.01,0.94,-1,-1,-1
1620,49,793.27,58.01,29.15,25.89,0.87,-1,-1,-1
1620,47,823.11,26.09,23.22,24.26,0.65,-1,-1,-1
1620,48,791.33,38.22,20.77,17.16,0.42,-1,-1,-1
1621,50,858.49,85.93,43.16,37.58,0.92,-1,-1,-1
1621,49,792.64,48.10,25.54,22.01,0.88,-1,-1,-1
1621,52,1208.17,516.75,71.83,198.22,0.87,-1,-1,-1
1621,53,670.04,38.92,28.65,23.38,0.87,-1,-1,-1
1621,48,788.58,31.45,17.75,13.86,0.62,-1,-1,-1
1621,47,820.07,26.48,20.46,18.65,0.37,-1,-1,-1
1622,52,1024.57,272.25,168.75,134.53,0.95,-1,-1,-1
1622,53,633.73,54.38,38.66,30.89,0.92,-1,-1,-1
1622,50,847.09,69.44,34.98,30.96,0.90,-1,-1,-1
1622,49,794.14,40.83,23.02,19.03,0.81,-1,-1,-1
1622,48,788.28,25.14,14.81,13.29,0.62,-1,-1,-1
1622,54,734.71,29.54,18.01,15.41,0.58,-1,-1,-1
1622,47,817.35,20.64,18.02,19.96,0.44,-1,-1,-1
1623,52,945.52,176.98,102.00,84.03,0.96,-1,-1,-1
1623,53,565.90,87.12,58.28,41.99,0.95,-1,-1,-1
1623,55,862.40,567.90,274.07,149.61,0.93,-1,-1,-1
1623,50,837.96,58.01,29.16,25.53,0.89,-1,-1,-1
1623,49,794.86,35.09,22.58,17.08,0.77,-1,-1,-1
1623,56,654.43,22.32,25.13,19.10,0.76,-1,-1,-1
1623,54,725.62,36.31,23.92,18.19,0.71,-1,-1,-1
1623,47,815.67,18.52,17.58,17.80,0.50,-1,-1,-1
1624,53,397.29,156.95,115.67,83.87,0.96,-1,-1,-1
1624,55,822.83,210.58,104.94,93.98,0.95,-1,-1,-1
1624,52,904.24,128.52,70.95,60.96,0.94,-1,-1,-1
1624,50,831.18,49.15,25.36,22.01,0.89,-1,-1,-1
1624,56,655.02,22.57,24.14,18.88,0.76,-1,-1,-1
1624,49,795.42,31.03,18.95,14.62,0.62,-1,-1,-1
1624,47,814.57,18.34,16.32,15.43,0.34,-1,-1,-1
1625,55,808.53,124.53,63.41,52.13,0.94,-1,-1,-1
1625,52,878.46,99.16,54.46,47.05,0.94,-1,-1,-1
1625,50,825.87,42.95,22.18,18.24,0.82,-1,-1,-1
1625,56,655.16,23.23,24.04,18.41,0.73,-1,-1,-1
1625,57,679.91,40.71,18.74,16.12,0.62,-1,-1,-1
1625,49,794.87,27.04,18.65,13.44,0.42,-1,-1,-1
1626,58,1002.52,337.46,214.77,172.25,0.94,-1,-1,-1
1626,55,799.28,83.88,44.26,36.91,0.93,-1,-1,-1
1626,52,863.37,79.07,43.22,38.63,0.93,-1,-1,-1
1626,59,659.40,81.67,38.43,37.50,0.90,-1,-1,-1
1626,57,651.55,50.85,32.20,24.15,0.89,-1,-1,-1
1626,50,820.59,36.75,20.91,16.34,0.80,-1,-1,-1
1626,60,739.29,27.00,16.49,16.87,0.74,-1,-1,-1
1626,49,794.19,23.73,15.64,11.90,0.55,-1,-1,-1
1626,56,654.89,22.66,24.55,19.05,0.49,-1,-1,-1
1627,58,922.36,193.64,110.18,94.93,0.96,-1,-1,-1
1627,59,592.48,126.41,73.32,57.82,0.95,-1,-1,-1
1627,57,600.76,71.73,46.08,34.95,0.93,-1,-1,-1
1627,52,852.52,65.79,36.03,31.72,0.90,-1,-1,-1
1627,55,797.68,64.34,33.58,26.25,0.82,-1,-1,-1
1627,60,730.74,31.84,21.89,22.24,0.80,-1,-1,-1
1627,56,654.60,22.34,24.89,19.57,0.58,-1,-1,-1
1627,50,817.29,31.87,18.51,14.80,0.55,-1,-1,-1
1628,59,393.98,244.75,161.29,134.20,0.96,-1,-1,-1
1628,57,490.73,117.81,78.70,59.17,0.96,-1,-1,-1
1628,58,887.82,131.49,73.56,64.69,0.95,-1,-1,-1
1628,52,843.58,55.90,30.91,26.70,0.84,-1,-1,-1
1628,55,797.74,50.51,28.36,21.28,0.80,-1,-1,-1
1628,56,654.60,22.32,24.64,19.36,0.58,-1,-1,-1
1628,50,813.51,28.27,17.44,13.32,0.45,-1,-1,-1
1629,57,93.73,271.99,222.00,172.70,0.95,-1,-1,-1
1629,58,868.15,98.47,55.34,48.49,0.94,-1,-1,-1
1629,52,836.06,45.48,27.71,25.61,0.77,-1,-1,-1
1629,55,795.20,42.34,23.60,16.67,0.75,-1,-1,-1
1629,50,811.89,24.20,15.14,12.67,0.52,-1,-1,-1
1629,61,745.77,17.60,14.67,13.34,0.51,-1,-1,-1
1629,56,653.86,23.12,24.67,18.65,0.40,-1,-1,-1
1630,58,855.09,78.19,43.87,37.89,0.93,-1,-1,-1
1630,61,666.38,79.24,30.67,47.98,0.89,-1,-1,-1
1630,55,792.76,35.51,19.83,13.81,0.77,-1,-1,-1
1630,52,831.06,40.15,23.52,21.97,0.75,-1,-1,-1
1630,56,654.13,23.02,24.78,18.08,0.30,-1,-1,-1
1631,61,597.26,129.42,85.61,77.30,0.95,-1,-1,-1
1631,58,846.92,63.78,35.65,31.48,0.90,-1,-1,-1
1631,56,654.30,22.23,24.37,18.70,0.85,-1,-1,-1
1631,62,735.19,25.03,17.80,16.27,0.71,-1,-1,-1
1631,52,827.30,36.54,21.17,18.41,0.61,-1,-1,-1
1631,55,791.74,29.77,17.38,11.94,0.59,-1,-1,-1
1632,61,353.36,283.29,206.83,214.03,0.92,-1,-1,-1
1632,58,840.29,54.53,31.03,26.66,0.89,-1,-1,-1
1632,62,729.68,30.87,21.27,18.47,0.71,-1,-1,-1
1632,56,654.05,22.99,23.88,18.64,0.70,-1,-1,-1
1632,55,791.30,23.69,16.27,13.44,0.58,-1,-1,-1
1632,63,887.79,46.91,26.59,20.36,0.57,-1,-1,-1
1632,52,824.47,31.65,18.84,17.76,0.43,-1,-1,-1
1633,58,834.48,47.38,26.94,22.11,0.85,-1,-1,-1
1633,55,790.73,19.87,14.97,12.02,0.62,-1,-1,-1
1633,52,822.14,30.22,17.57,14.32,0.39,-1,-1,-1
1634,58,830.81,41.59,22.62,19.29,0.75,-1,-1,-1
1634,52,820.68,25.50,15.63,14.66,0.40,-1,-1,-1
1634,55,789.66,17.63,14.36,11.17,0.26,-1,-1,-1
1635,58,826.42,37.01,20.99,17.10,0.72,-1,-1,-1
1635,52,818.78,24.19,15.06,12.10,0.39,-1,-1,-1
1636,64,646.77,86.46,50.17,48.34,0.94,-1,-1,-1
1636,58,823.42,31.53,19.54,16.54,0.67,-1,-1,-1
1636,65,886.71,46.06,28.13,21.06,0.59,-1,-1,-1
1637,64,566.77,135.77,85.22,80.14,0.96,-1,-1,-1
1637,65,886.63,46.43,27.83,20.85,0.63,-1,-1,-1
1637,66,654.22,22.77,25.54,19.04,0.52,-1,-1,-1
1637,58,819.58,30.02,18.05,13.51,0.49,-1,-1,-1
1638,64,296.88,287.10,211.61,206.15,0.94,-1,-1,-1
1638,65,886.40,46.62,27.95,20.61,0.63,-1,-1,-1
1638,66,654.39,22.54,24.72,19.16,0.52,-1,-1,-1
1638,58,815.50,23.89,18.16,15.78,0.26,-1,-1,-1
1639,67,680.33,37.25,19.38,18.65,0.69,-1,-1,-1
1639,65,888.32,46.29,28.14,20.95,0.41,-1,-1,-1
1639,58,813.04,18.70,15.82,17.23,0.30,-1,-1,-1
1640,67,657.53,46.77,31.09,24.07,0.89,-1,-1,-1
1640,65,886.62,45.92,28.56,21.26,0.66,-1,-1,-1
1641,67,623.28,61.92,39.91,30.31,0.93,-1,-1,-1
1641,68,1141.25,503.15,138.75,213.49,0.89,-1,-1,-1
1641,69,654.66,22.61,25.02,18.81,0.61,-1,-1,-1
1641,65,886.94,46.37,28.00,20.93,0.58,-1,-1,-1
1642,68,946.82,210.30,109.64,89.32,0.95,-1,-1,-1
1642,67,564.97,86.78,56.08,41.85,0.95,-1,-1,-1
1642,65,885.73,45.96,29.02,21.29,0.67,-1,-1,-1
1642,69,654.14,22.91,25.23,18.68,0.58,-1,-1,-1
1643,67,449.10,136.97,92.78,66.85,0.96,-1,-1,-1
1643,68,888.93,127.85,62.53,52.07,0.94,-1,-1,-1
1643,70,652.28,51.75,33.44,28.49,0.91,-1,-1,-1
1643,65,888.16,46.43,27.08,20.87,0.28,-1,-1,-1
1644,67,107.28,279.46,222.84,160.22,0.95,-1,-1,-1
1644,70,609.73,72.05,45.68,37.72,0.94,-1,-1,-1
1644,68,863.66,88.86,43.79,36.66,0.93,-1,-1,-1
1645,70,525.49,108.68,71.87,58.61,0.95,-1,-1,-1
1645,68,850.72,67.78,32.48,27.81,0.89,-1,-1,-1
1645,71,654.68,22.79,25.43,18.72,0.56,-1,-1,-1
1646,70,297.55,201.51,153.26,123.99,0.96,-1,-1,-1
1646,68,839.71,53.49,26.16,22.33,0.88,-1,-1,-1
1646,71,654.78,22.70,25.40,18.70,0.69,-1,-1,-1
1647,68,831.70,43.94,22.39,18.92,0.83,-1,-1,-1
1647,71,654.40,22.81,25.63,18.98,0.52,-1,-1,-1
1648,68,826.87,38.20,18.04,15.12,0.73,-1,-1,-1
1648,71,654.47,23.27,25.10,18.36,0.62,-1,-1,-1
1649,68,821.28,32.23,17.19,13.62,0.69,-1,-1,-1
1649,71,654.23,23.05,25.02,18.52,0.46,-1,-1,-1
1650,72,668.24,43.16,27.60,22.12,0.81,-1,-1,-1
1650,71,654.13,23.70,24.57,17.64,0.68,-1,-1,-1
1650,68,817.23,28.17,15.69,11.88,0.51,-1,-1,-1
1651,72,644.52,55.14,34.63,25.65,0.90,-1,-1,-1
1651,71,654.04,23.25,25.29,18.66,0.71,-1,-1,-1
1651,73,887.52,46.72,27.36,20.72,0.68,-1,-1,-1
1651,68,814.85,24.33,13.52,10.89,0.26,-1,-1,-1
1652,72,607.96,70.26,45.68,33.32,0.94,-1,-1,-1
1652,74,1100.90,384.49,179.10,216.23,0.90,-1,-1,-1
1652,73,888.07,46.56,26.86,20.71,0.56,-1,-1,-1
1652,71,654.18,22.59,25.25,18.87,0.53,-1,-1,-1
1652,68,811.08,20.29,13.17,10.27,0.34,-1,-1,-1
1653,74,952.70,179.34,103.15,93.36,0.96,-1,-1,-1
1653,72,547.93,96.35,62.64,45.31,0.94,-1,-1,-1
1653,71,654.25,22.45,25.11,18.71,0.77,-1,-1,-1
1654,72,428.25,148.94,101.15,70.29,0.96,-1,-1,-1
1654,74,896.73,111.87,63.81,59.50,0.94,-1,-1,-1
1654,71,654.01,22.60,25.72,19.03,0.42,-1,-1,-1
1655,72,100.92,281.52,228.72,159.38,0.95,-1,-1,-1
1655,74,867.05,79.01,45.45,42.74,0.93,-1,-1,-1
1655,71,654.23,22.85,25.15,18.68,0.69,-1,-1,-1
1656,74,850.16,60.39,34.19,32.68,0.90,-1,-1,-1
1656,71,654.40,22.52,25.49,19.28,0.64,-1,-1,-1
1657,74,840.38,47.89,26.82,26.64,0.87,-1,-1,-1
1657,71,654.57,22.76,25.75,18.93,0.44,-1,-1,-1
1658,74,832.93,39.20,22.63,22.55,0.86,-1,-1,-1
1658,71,654.76,22.88,25.04,18.96,0.54,-1,-1,-1
1659,74,827.18,31.81,19.23,19.43,0.81,-1,-1,-1
1659,71,655.18,22.77,24.58,18.82,0.46,-1,-1,-1
1660,74,820.49,26.38,17.48,17.53,0.77,-1,-1,-1
1660,71,655.16,22.46,24.70,18.86,0.52,-1,-1,-1
1661,71,654.43,22.29,25.19,18.95,0.66,-1,-1,-1
1661,74,815.26,22.39,15.24,15.47,0.58,-1,-1,-1
1662,71,654.32,22.51,24.90,18.63,0.65,-1,-1,-1
1662,75,887.93,46.34,26.42,20.86,0.54,-1,-1,-1
1662,74,811.72,19.32,15.10,14.68,0.44,-1,-1,-1
1663,71,653.69,22.41,25.23,18.56,0.60,-1,-1,-1
1663,74,809.33,16.87,14.06,13.01,0.32,-1,-1,-1
1664,71,653.82,22.60,25.08,18.77,0.56,-1,-1,-1
1665,71,653.49,22.46,25.57,18.97,0.39,-1,-1,-1
1666,71,653.41,22.97,25.83,18.55,0.49,-1,-1,-1
1667,71,653.99,22.89,25.43,18.81,0.43,-1,-1,-1
1668,71,654.73,22.75,25.09,19.01,0.59,-1,-1,-1
1669,71,655.13,22.86,24.79,18.94,0.66,-1,-1,-1
1670,71,654.74,22.43,24.76,19.19,0.66,-1,-1,-1
1671,71,654.53,22.37,25.23,19.14,0.69,-1,-1,-1
1671,76,886.58,46.30,28.37,20.95,0.52,-1,-1,-1
1672,71,654.37,22.92,25.01,18.70,0.69,-1,-1,-1
1672,76,887.69,46.59,26.63,20.60,0.62,-1,-1,-1
1673,71,654.64,22.91,24.74,18.65,0.70,-1,-1,-1
1674,71,653.69,22.48,25.67,19.03,0.65,-1,-1,-1
1675,71,653.68,22.67,25.71,18.77,0.60,-1,-1,-1
1676,71,654.22,22.52,25.21,18.77,0.59,-1,-1,-1
1677,71,653.90,22.81,25.87,18.74,0.72,-1,-1,-1
1677,77,886.96,46.05,28.15,21.19,0.54,-1,-1,-1
1678,71,653.73,22.61,26.12,19.05,0.72,-1,-1,-1
1679,71,654.21,22.84,24.69,19.01,0.77,-1,-1,-1
1680,71,654.34,22.37,25.15,19.51,0.72,-1,-1,-1
1680,78,886.71,46.29,27.34,21.12,0.54,-1,-1,-1
1681,71,654.53,22.57,25.04,18.97,0.73,-1,-1,-1
1682,71,655.12,22.49,24.82,19.21,0.69,-1,-1,-1
1682,79,888.68,46.14,27.56,21.29,0.55,-1,-1,-1
1683,71,655.94,20.85,24.15,20.00,0.78,-1,-1,-1
1684,71,656.25,21.68,24.41,19.72,0.79,-1,-1,-1
1685,71,655.50,21.98,24.39,19.19,0.77,-1,-1,-1
1686,71,655.53,21.62,24.42,19.51,0.78,-1,-1,-1
1686,80,734.60,25.39,18.14,17.30,0.69,-1,-1,-1
1687,80,724.75,32.26,22.47,19.38,0.73,-1,-1,-1
1687,71,654.70,22.10,24.40,19.57,0.69,-1,-1,-1
1688,71,653.77,22.11,25.03,19.57,0.68,-1,-1,-1
1689,71,654.38,21.36,24.36,19.78,0.72,-1,-1,-1
1690,71,653.06,22.47,25.32,19.43,0.68,-1,-1,-1
1691,81,653.39,80.21,42.72,43.40,0.91,-1,-1,-1
1691,71,653.85,22.10,25.31,19.58,0.73,-1,-1,-1
1692,81,622.20,100.03,62.54,54.84,0.95,-1,-1,-1
1692,71,654.02,21.30,25.51,19.36,0.78,-1,-1,-1
1693,81,584.87,124.14,78.52,70.74,0.95,-1,-1,-1
1693,71,655.42,20.79,24.68,19.68,0.77,-1,-1,-1
1694,81,542.95,151.45,95.59,87.01,0.96,-1,-1,-1
1694,71,654.75,21.67,24.80,19.49,0.77,-1,-1,-1
1695,81,504.47,175.64,113.82,102.78,0.96,-1,-1,-1
1695,71,655.45,22.00,24.37,19.27,0.71,-1,-1,-1
1696,81,476.85,191.95,126.58,113.78,0.96,-1,-1,-1
1696,71,655.31,21.91,24.24,19.37,0.72,-1,-1,-1
1697,81,463.35,199.41,133.95,119.61,0.96,-1,-1,-1
1697,71,655.03,22.25,24.73,19.47,0.74,-1,-1,-1
1698,81,457.94,202.40,135.49,122.23,0.97,-1,-1,-1
1698,71,654.43,22.49,24.57,19.29,0.58,-1,-1,-1
1699,81,457.44,202.66,135.41,122.32,0.96,-1,-1,-1
1699,71,654.00,22.43,25.12,19.24,0.65,-1,-1,-1
1700,81,457.17,202.49,135.95,122.73,0.96,-1,-1,-1
1700,71,653.93,22.42,25.01,19.51,0.73,-1,-1,-1
1701,81,457.26,202.64,136.20,122.61,0.96,-1,-1,-1
1701,71,654.15,22.33,24.77,19.62,0.72,-1,-1,-1
1702,81,449.91,206.14,138.58,124.62,0.96,-1,-1,-1
1702,71,653.48,22.40,25.17,19.37,0.74,-1,-1,-1
1703,81,428.46,219.09,149.75,133.59,0.96,-1,-1,-1
1703,71,654.10,21.83,25.30,19.45,0.73,-1,-1,-1
1704,81,374.02,247.61,174.97,160.09,0.94,-1,-1,-1
1704,71,654.89,21.61,24.60,19.81,0.76,-1,-1,-1
1704,82,887.56,46.04,26.80,20.97,0.50,-1,-1,-1
1705,82,862.10,528.71,265.93,186.33,0.94,-1,-1,-1
1705,81,252.14,315.93,238.16,217.79,0.93,-1,-1,-1
1705,71,655.08,22.21,24.60,19.19,0.68,-1,-1,-1
1706,81,1.28,481.41,346.64,234.43,0.95,-1,-1,-1
1706,82,838.35,335.57,162.56,156.91,0.94,-1,-1,-1
1706,71,654.99,21.83,24.60,19.21,0.77,-1,-1,-1
1707,82,820.87,223.75,108.90,104.54,0.93,-1,-1,-1
1707,83,1096.53,414.48,182.95,206.42,0.92,-1,-1,-1
1707,71,655.03,21.84,24.48,19.33,0.73,-1,-1,-1
1708,83,980.32,248.76,144.33,104.91,0.95,-1,-1,-1
1708,82,810.34,164.51,81.36,69.56,0.94,-1,-1,-1
1708,84,818.16,393.43,268.13,318.63,0.93,-1,-1,-1
1708,71,655.25,21.69,24.96,19.32,0.81,-1,-1,-1
1709,83,922.02,165.77,91.33,68.62,0.96,-1,-1,-1
1709,82,804.91,123.96,62.47,52.48,0.93,-1,-1,-1
1709,84,806.27,237.83,153.18,196.64,0.93,-1,-1,-1
1709,85,1140.33,455.04,139.67,254.18,0.85,-1,-1,-1
1709,71,656.00,22.01,24.89,18.69,0.85,-1,-1,-1
1710,83,887.35,118.80,64.11,49.11,0.96,-1,-1,-1
1710,85,1002.20,254.70,146.82,109.12,0.95,-1,-1,-1
1710,84,797.42,164.02,100.39,134.53,0.94,-1,-1,-1
1710,82,800.95,95.29,51.10,42.16,0.93,-1,-1,-1
1710,71,655.95,22.88,24.83,18.87,0.74,-1,-1,-1
1711,85,932.65,164.00,91.06,68.32,0.97,-1,-1,-1
1711,84,789.55,120.55,77.31,96.22,0.95,-1,-1,-1
1711,83,864.55,88.48,47.88,36.73,0.92,-1,-1,-1
1711,82,797.72,75.96,40.41,33.43,0.90,-1,-1,-1
1711,86,676.44,39.32,23.09,16.66,0.76,-1,-1,-1
1711,71,654.52,22.74,24.64,18.73,0.58,-1,-1,-1
1712,85,886.34,108.42,57.60,44.88,0.93,-1,-1,-1
1712,84,789.24,85.63,52.89,71.22,0.93,-1,-1,-1
1712,87,802.08,309.25,149.27,150.17,0.92,-1,-1,-1
1712,83,848.76,64.47,34.41,26.96,0.92,-1,-1,-1
1712,86,664.27,41.33,28.30,22.78,0.89,-1,-1,-1
1712,82,796.91,59.05,33.20,26.85,0.87,-1,-1,-1
1712,71,654.94,22.70,23.91,18.51,0.59,-1,-1,-1
1713,85,886.34,108.42,57.59,44.83,0.93,-1,-1,-1
1713,84,789.22,85.61,53.02,71.25,0.93,-1,-1,-1
1713,87,802.11,309.11,149.23,150.30,0.92,-1,-1,-1
1713,83,848.73,64.49,34.49,26.94,0.92,-1,-1,-1
1713,86,664.29,41.32,28.29,22.79,0.89,-1,-1,-1
1713,82,796.93,59.07,33.22,26.83,0.87,-1,-1,-1
1713,71,654.97,22.75,23.94,18.45,0.59,-1,-1,-1
1714,85,886.36,108.44,57.56,44.73,0.93,-1,-1,-1
1714,84,789.08,85.61,52.95,71.22,0.93,-1,-1,-1
1714,87,802.11,309.17,149.27,150.30,0.92,-1,-1,-1
1714,83,848.75,64.50,34.49,26.94,0.92,-1,-1,-1
1714,86,664.30,41.38,28.21,22.72,0.89,-1,-1,-1
1714,82,796.84,59.07,33.25,26.90,0.87,-1,-1,-1
1714,71,655.04,22.68,23.83,18.45,0.60,-1,-1,-1
1715,87,791.70,98.02,50.18,43.44,0.94,-1,-1,-1
1715,86,602.73,66.23,44.07,35.67,0.93,-1,-1,-1
1715,88,791.53,253.07,182.67,247.56,0.89,-1,-1,-1
1715,82,789.96,41.27,27.53,38.63,0.85,-1,-1,-1
1715,85,837.96,49.33,27.36,21.35,0.84,-1,-1,-1
1715,83,822.46,31.33,18.59,15.43,0.78,-1,-1,-1
1715,71,653.09,22.35,24.88,18.59,0.64,-1,-1,-1
1716,87,791.70,98.02,50.18,43.44,0.94,-1,-1,-1
1716,86,602.73,66.23,44.07,35.67,0.93,-1,-1,-1
1716,88,791.53,253.07,182.67,247.56,0.89,-1,-1,-1
1716,82,789.96,41.27,27.53,38.63,0.85,-1,-1,-1
1716,85,837.96,49.33,27.36,21.35,0.84,-1,-1,-1
1716,83,822.46,31.33,18.59,15.43,0.78,-1,-1,-1
1716,71,653.09,22.35,24.88,18.59,0.64,-1,-1,-1
1717,87,791.67,98.08,50.19,43.23,0.94,-1,-1,-1
1717,86,602.76,66.11,44.07,35.70,0.93,-1,-1,-1
1717,88,791.17,253.01,183.33,247.71,0.89,-1,-1,-1
1717,84,789.69,41.29,27.71,38.59,0.84,-1,-1,-1
1717,85,837.85,49.22,27.27,21.54,0.84,-1,-1,-1
1717,83,822.46,31.41,18.63,15.40,0.79,-1,-1,-1
1717,71,652.77,22.09,25.25,18.95,0.63,-1,-1,-1
1718,87,791.67,98.08,50.19,43.23,0.94,-1,-1,-1
1718,86,602.76,66.11,44.07,35.70,0.93,-1,-1,-1
1718,88,791.17,253.01,183.33,247.71,0.89,-1,-1,-1
1718,84,789.69,41.29,27.71,38.59,0.84,-1,-1,-1
1718,85,837.85,49.22,27.27,21.54,0.84,-1,-1,-1
1718,83,822.46,31.41,18.63,15.40,0.79,-1,-1,-1
1718,71,652.77,22.09,25.25,18.95,0.63,-1,-1,-1
1719,86,379.98,153.67,111.33,86.67,0.96,-1,-1,-1
1719,89,653.93,72.21,43.78,36.28,0.93,-1,-1,-1
1719,88,795.81,74.62,52.99,65.41,0.92,-1,-1,-1
1719,90,625.78,57.43,37.58,27.07,0.90,-1,-1,-1
1719,87,792.26,50.36,30.82,22.79,0.79,-1,-1,-1
1719,71,654.46,22.79,25.02,18.57,0.68,-1,-1,-1
1719,85,821.33,26.99,17.09,13.30,0.34,-1,-1,-1
1720,86,154.74,239.04,190.46,148.22,0.95,-1,-1,-1
1720,89,608.68,103.73,60.93,50.50,0.94,-1,-1,-1
1720,88,794.52,58.70,43.46,54.94,0.93,-1,-1,-1
1720,90,579.31,77.03,49.59,36.77,0.93,-1,-1,-1
1720,91,1230.27,618.94,49.47,98.13,0.81,-1,-1,-1
1720,71,654.60,23.49,24.84,18.37,0.73,-1,-1,-1
1720,92,734.66,29.80,18.55,15.00,0.61,-1,-1,-1
1720,87,790.85,44.10,24.72,17.93,0.32,-1,-1,-1
1721,89,510.00,169.17,103.38,86.09,0.96,-1,-1,-1
1721,91,987.70,250.75,151.67,129.03,0.95,-1,-1,-1
1721,90,498.93,111.95,72.44,52.40,0.95,-1,-1,-1
1721,88,793.06,46.62,37.28,47.38,0.89,-1,-1,-1
1721,71,654.75,23.05,24.67,18.91,0.81,-1,-1,-1
1721,92,725.84,35.40,21.51,17.87,0.75,-1,-1,-1
1722,91,913.40,147.54,82.66,75.95,0.97,-1,-1,-1
1722,90,322.49,186.42,131.19,90.68,0.96,-1,-1,-1
1722,89,139.21,369.89,293.09,288.07,0.94,-1,-1,-1
1722,93,1160.71,582.95,119.22,135.05,0.92,-1,-1,-1
1722,88,790.93,37.98,32.62,40.77,0.89,-1,-1,-1
1722,71,654.35,22.77,25.05,18.94,0.76,-1,-1,-1
1723,93,961.30,244.49,123.54,97.38,0.96,-1,-1,-1
1723,91,877.56,102.10,56.71,51.71,0.94,-1,-1,-1
1723,90,0.07,410.73,107.14,211.04,0.87,-1,-1,-1
1723,88,790.70,32.38,27.39,35.30,0.87,-1,-1,-1
1723,71,654.39,22.62,25.12,19.03,0.78,-1,-1,-1
1724,93,898.92,146.34,71.42,57.25,0.95,-1,-1,-1
1724,91,857.62,76.05,41.54,39.74,0.92,-1,-1,-1
1724,94,664.36,78.20,33.65,36.05,0.90,-1,-1,-1
1724,88,790.25,28.86,24.61,31.04,0.80,-1,-1,-1
1724,71,654.18,22.61,25.19,19.00,0.74,-1,-1,-1
1724,95,724.24,36.72,22.78,19.28,0.59,-1,-1,-1
1725,94,606.51,117.74,64.21,54.67,0.95,-1,-1,-1
1725,93,869.94,101.67,48.25,40.79,0.94,-1,-1,-1
1725,91,845.05,59.84,32.20,31.50,0.90,-1,-1,-1
1725,71,654.31,22.40,25.15,19.17,0.77,-1,-1,-1
1725,88,790.55,23.53,23.00,29.21,0.62,-1,-1,-1
1726,94,448.85,218.95,130.80,113.21,0.96,-1,-1,-1
1726,93,853.90,76.99,36.65,30.49,0.91,-1,-1,-1
1726,91,836.77,49.17,26.24,25.59,0.85,-1,-1,-1
1726,71,654.07,22.61,25.37,19.27,0.66,-1,-1,-1
1726,88,790.28,20.95,20.03,25.70,0.56,-1,-1,-1
1727,96,652.24,88.43,44.86,42.16,0.93,-1,-1,-1
1727,93,843.49,62.39,29.05,23.88,0.88,-1,-1,-1
1727,91,830.62,41.05,22.03,21.68,0.80,-1,-1,-1
1727,71,654.11,22.37,25.12,19.51,0.61,-1,-1,-1
1727,88,789.45,19.34,18.79,23.55,0.43,-1,-1,-1
1728,71,570.90,142.68,85.92,70.89,0.95,-1,-1,-1
1728,93,836.10,50.26,24.51,20.68,0.81,-1,-1,-1
1728,91,824.72,33.93,19.93,18.90,0.64,-1,-1,-1
1728,88,789.50,16.78,17.76,21.42,0.26,-1,-1,-1
1729,71,288.13,317.13,221.93,200.01,0.93,-1,-1,-1
1729,97,663.28,25.55,35.25,39.62,0.82,-1,-1,-1
1729,93,831.42,43.25,20.71,16.88,0.54,-1,-1,-1
1729,91,821.33,29.39,16.79,16.05,0.26,-1,-1,-1
1730,97,639.00,33.21,40.90,46.79,0.90,-1,-1,-1
1730,93,825.76,36.33,18.38,15.17,0.78,-1,-1,-1
1730,98,684.28,34.78,15.09,18.31,0.70,-1,-1,-1
1730,91,817.67,24.53,16.16,15.98,0.62,-1,-1,-1
1731,99,1043.75,340.76,212.27,164.31,0.94,-1,-1,-1
1731,97,603.64,44.79,51.40,57.62,0.94,-1,-1,-1
1731,98,670.21,39.02,27.05,23.49,0.89,-1,-1,-1
1731,100,654.50,23.05,24.21,18.35,0.70,-1,-1,-1
1731,93,821.41,31.57,17.20,13.51,0.35,-1,-1,-1
1732,99,934.20,176.05,98.36,76.62,0.97,-1,-1,-1
1732,97,543.14,60.53,74.32,77.23,0.94,-1,-1,-1
1732,98,649.68,47.65,32.32,27.07,0.90,-1,-1,-1
1732,100,654.45,23.01,24.79,18.51,0.65,-1,-1,-1
1732,93,816.15,26.42,16.62,13.00,0.28,-1,-1,-1
1733,97,436.09,90.01,112.33,115.46,0.97,-1,-1,-1
1733,101,622.29,111.18,65.33,52.82,0.95,-1,-1,-1
1733,99,890.01,115.76,61.83,47.73,0.93,-1,-1,-1
1733,98,619.43,60.02,40.49,34.05,0.92,-1,-1,-1
1733,100,654.17,22.87,25.26,18.95,0.72,-1,-1,-1
1733,93,812.37,20.31,15.95,14.62,0.35,-1,-1,-1
1734,101,430.01,239.13,156.23,130.62,0.96,-1,-1,-1
1734,98,570.94,79.74,54.42,45.15,0.94,-1,-1,-1
1734,99,866.47,84.04,44.10,34.35,0.92,-1,-1,-1
1734,97,161.40,155.48,243.62,221.26,0.90,-1,-1,-1
1734,100,653.69,23.14,25.08,18.50,0.76,-1,-1,-1
1734,93,809.42,16.64,14.00,14.64,0.32,-1,-1,-1
1735,98,484.23,114.65,81.30,66.42,0.95,-1,-1,-1
1735,99,852.69,63.80,33.35,28.00,0.90,-1,-1,-1
1735,100,654.43,22.76,25.07,18.80,0.70,-1,-1,-1
1736,98,283.58,191.62,151.44,119.07,0.96,-1,-1,-1
1736,99,842.59,51.82,27.81,22.77,0.80,-1,-1,-1
1736,100,654.10,23.41,25.09,18.57,0.76,-1,-1,-1
1737,99,834.54,44.37,23.68,17.82,0.81,-1,-1,-1
1737,100,654.66,23.47,24.94,18.70,0.77,-1,-1,-1
1738,100,654.31,22.71,25.39,19.14,0.72,-1,-1,-1
1738,99,828.31,36.47,20.25,15.03,0.67,-1,-1,-1
1739,100,654.48,22.47,25.20,19.08,0.76,-1,-1,-1
1739,102,732.92,31.34,19.21,15.16,0.71,-1,-1,-1
1739,99,822.18,31.12,18.34,13.29,0.70,-1,-1,-1
1739,103,888.00,46.78,26.07,20.25,0.63,-1,-1,-1
1740,100,654.53,22.90,25.27,18.90,0.72,-1,-1,-1
1740,102,725.74,38.01,20.85,17.33,0.67,-1,-1,-1
1740,99,819.60,27.81,15.86,11.12,0.50,-1,-1,-1
1741,100,654.82,22.65,24.64,18.63,0.80,-1,-1,-1
1741,99,816.14,23.90,15.26,10.39,0.25,-1,-1,-1
1742,100,654.47,22.54,25.07,18.95,0.77,-1,-1,-1
1743,100,654.19,23.33,25.19,18.54,0.76,-1,-1,-1
1743,104,733.55,28.99,20.45,17.78,0.62,-1,-1,-1
1744,105,639.30,100.09,52.56,43.54,0.93,-1,-1,-1
1744,100,654.43,22.76,25.12,18.77,0.79,-1,-1,-1
1744,104,726.13,33.66,24.61,20.28,0.78,-1,-1,-1
1745,104,570.75,150.40,78.69,67.07,0.95,-1,-1,-1
1745,100,653.67,22.92,24.98,18.60,0.81,-1,-1,-1
1745,105,886.44,46.26,28.40,21.02,0.50,-1,-1,-1
1746,104,386.11,276.41,164.62,142.76,0.95,-1,-1,-1
1746,100,653.68,22.79,24.79,18.72,0.78,-1,-1,-1
1747,100,653.71,22.73,25.06,18.87,0.82,-1,-1,-1
1747,106,887.53,46.23,25.87,20.80,0.51,-1,-1,-1
1748,106,642.85,86.35,52.53,51.16,0.93,-1,-1,-1
1748,100,654.32,22.42,25.03,18.70,0.84,-1,-1,-1
1749,106,571.50,127.64,85.63,82.45,0.95,-1,-1,-1
1749,100,654.78,22.56,24.89,19.15,0.77,-1,-1,-1
1750,106,376.84,235.57,175.78,171.67,0.94,-1,-1,-1
1750,100,654.81,23.01,25.03,18.76,0.76,-1,-1,-1
1751,100,654.81,22.45,24.57,19.16,0.74,-1,-1,-1
1752,100,654.61,22.70,24.87,18.77,0.76,-1,-1,-1
1753,100,654.54,22.58,24.87,19.13,0.73,-1,-1,-1
1754,100,654.86,22.45,24.40,19.14,0.69,-1,-1,-1
1755,107,823.33,339.41,160.46,167.49,0.95,-1,-1,-1
1755,100,654.48,22.57,24.67,19.04,0.74,-1,-1,-1
1756,107,806.89,163.24,79.13,72.76,0.95,-1,-1,-1
1756,100,653.61,22.37,25.53,19.25,0.80,-1,-1,-1
1757,107,799.42,103.42,52.18,46.95,0.94,-1,-1,-1
1757,100,653.62,22.71,25.15,19.09,0.82,-1,-1,-1
1758,107,796.30,73.14,37.58,34.66,0.92,-1,-1,-1
1758,100,653.66,22.74,25.29,18.99,0.83,-1,-1,-1
1758,108,885.39,45.77,28.44,21.16,0.51,-1,-1,-1
1759,107,794.57,56.58,30.27,26.70,0.90,-1,-1,-1
1759,100,653.85,22.68,25.54,19.02,0.79,-1,-1,-1
1760,107,793.30,44.86,24.53,22.34,0.85,-1,-1,-1
1760,100,654.32,22.95,25.25,18.83,0.76,-1,-1,-1
1761,109,1249.16,173.89,30.78,53.83,0.86,-1,-1,-1
1761,100,655.00,22.42,24.76,19.18,0.77,-1,-1,-1
1761,107,791.90,37.22,20.52,18.91,0.77,-1,-1,-1
1762,110,808.18,406.86,199.99,233.00,0.91,-1,-1,-1
1762,109,1251.65,180.84,28.35,60.98,0.90,-1,-1,-1
1762,107,791.53,30.84,18.14,16.37,0.82,-1,-1,-1
1762,100,655.47,22.47,24.63,19.15,0.80,-1,-1,-1
1763,110,805.14,180.68,88.11,84.87,0.95,-1,-1,-1
1763,100,655.24,22.53,24.37,19.12,0.78,-1,-1,-1
1763,107,791.88,26.03,16.83,15.18,0.65,-1,-1,-1
1764,110,800.72,111.15,56.12,52.49,0.93,-1,-1,-1
1764,100,655.18,22.79,24.69,18.99,0.81,-1,-1,-1
1764,107,792.34,22.50,15.87,13.71,0.68,-1,-1,-1
1765,110,799.79,78.07,42.80,37.69,0.91,-1,-1,-1
1765,100,654.81,22.81,24.57,19.02,0.74,-1,-1,-1
1765,107,791.67,19.52,14.74,12.79,0.64,-1,-1,-1
1766,110,798.53,59.55,32.90,29.29,0.89,-1,-1,-1
1766,100,654.57,22.91,24.78,18.97,0.77,-1,-1,-1
1766,107,791.12,17.52,14.15,11.52,0.33,-1,-1,-1
1767,110,795.92,47.26,26.59,23.89,0.89,-1,-1,-1
1767,100,653.89,22.45,24.91,19.16,0.79,-1,-1,-1
1768,110,793.77,38.90,22.33,20.21,0.83,-1,-1,-1
1768,100,653.24,22.86,25.37,18.82,0.74,-1,-1,-1
1769,110,792.83,32.64,19.61,17.27,0.82,-1,-1,-1
1769,100,653.30,22.60,25.25,18.94,0.77,-1,-1,-1
1770,110,792.06,27.78,17.29,15.62,0.76,-1,-1,-1
1770,100,652.81,22.64,25.78,18.96,0.67,-1,-1,-1
1771,100,653.33,23.11,25.40,18.75,0.73,-1,-1,-1
1771,110,792.06,24.29,15.61,13.89,0.65,-1,-1,-1
1772,100,654.16,22.88,24.93,19.02,0.70,-1,-1,-1
1772,110,791.64,21.31,13.64,13.18,0.35,-1,-1,-1
1773,111,1148.15,457.67,131.73,203.94,0.85,-1,-1,-1
1773,100,654.48,22.97,25.01,18.89,0.63,-1,-1,-1
1774,111,865.73,479.82,414.27,236.17,0.93,-1,-1,-1
1774,100,654.85,22.60,25.03,19.14,0.61,-1,-1,-1
1775,111,516.55,532.61,514.09,186.27,0.92,-1,-1,-1
1775,100,655.13,22.58,24.71,18.95,0.68,-1,-1,-1
1776,111,318.12,667.90,304.24,52.10,0.73,-1,-1,-1
1776,100,655.11,22.39,24.62,19.15,0.51,-1,-1,-1
1777,100,654.94,21.91,24.62,19.63,0.38,-1,-1,-1
1778,100,655.05,22.39,24.37,19.40,0.51,-1,-1,-1
1779,100,654.70,22.54,24.67,19.07,0.64,-1,-1,-1
1780,100,653.97,22.78,25.08,18.63,0.72,-1,-1,-1
1781,100,652.95,22.45,25.50,18.87,0.69,-1,-1,-1
1782,100,653.36,22.09,25.22,19.23,0.66,-1,-1,-1
1783,100,653.56,22.40,25.33,18.83,0.61,-1,-1,-1
1784,100,654.13,22.61,24.81,18.90,0.62,-1,-1,-1
1785,100,654.77,22.54,24.93,19.13,0.71,-1,-1,-1
1786,100,655.33,22.56,24.24,19.16,0.67,-1,-1,-1
1787,100,655.14,22.44,24.66,19.45,0.75,-1,-1,-1
1788,100,655.08,22.32,24.76,19.54,0.74,-1,-1,-1
1789,100,654.60,22.80,24.97,18.73,0.73,-1,-1,-1
1790,100,653.86,22.87,25.44,18.72,0.69,-1,-1,-1
1791,100,653.57,22.74,25.22,18.95,0.67,-1,-1,-1
1792,100,653.48,22.58,25.70,18.96,0.68,-1,-1,-1
1793,100,653.70,22.44,25.17,19.06,0.73,-1,-1,-1
1794,100,653.50,22.76,25.85,18.51,0.75,-1,-1,-1
1795,100,653.14,22.93,25.82,18.73,0.71,-1,-1,-1
1795,112,886.75,46.24,26.84,20.88,0.51,-1,-1,-1
1796,112,240.83,467.25,419.15,246.93,0.92,-1,-1,-1
1796,100,653.64,22.80,25.37,18.79,0.73,-1,-1,-1
1797,112,1.01,369.35,340.44,241.74,0.94,-1,-1,-1
1797,100,654.23,22.94,25.14,18.82,0.79,-1,-1,-1
1798,113,1197.33,535.86,82.67,183.72,0.89,-1,-1,-1
1798,100,654.66,22.85,24.68,18.83,0.73,-1,-1,-1
1799,113,1048.39,325.97,207.03,163.38,0.94,-1,-1,-1
1799,100,655.50,23.19,24.57,18.32,0.60,-1,-1,-1
1800,114,970.02,212.66,128.25,110.13,0.95,-1,-1,-1
1800,113,1199.37,503.43,80.63,216.57,0.85,-1,-1,-1
1800,100,655.73,22.68,24.03,18.28,0.79,-1,-1,-1
