1,1,211.70,138.07,144.91,112.58,0.98,-1,-1,-1
1,2,538.68,130.83,85.53,71.79,0.96,-1,-1,-1
1,3,438.74,120.73,86.03,62.34,0.96,-1,-1,-1
1,4,779.78,151.67,75.77,67.28,0.95,-1,-1,-1
1,5,557.33,64.16,52.69,37.60,0.94,-1,-1,-1
1,6,48.91,411.63,341.23,300.73,0.93,-1,-1,-1
1,7,956.37,99.54,55.09,39.94,0.93,-1,-1,-1
1,8,611.81,45.69,37.66,27.69,0.91,-1,-1,-1
1,9,626.48,34.70,31.21,22.43,0.76,-1,-1,-1
1,10,653.74,17.88,31.75,27.57,0.63,-1,-1,-1
2,3,329.03,168.10,123.51,85.72,0.97,-1,-1,-1
2,2,428.84,192.43,131.87,112.34,0.97,-1,-1,-1
2,1,33.89,180.01,200.44,146.45,0.96,-1,-1,-1
2,5,529.92,75.93,59.02,42.29,0.95,-1,-1,-1
2,4,773.98,107.96,56.22,47.33,0.94,-1,-1,-1
2,7,955.74,99.45,55.61,39.61,0.92,-1,-1,-1
2,8,601.36,48.01,39.77,31.49,0.92,-1,-1,-1
2,6,927.54,59.69,54.88,56.84,0.89,-1,-1,-1
2,9,619.86,35.92,30.97,25.22,0.74,-1,-1,-1
2,10,651.15,18.11,32.72,28.25,0.61,-1,-1,-1
3,3,56.93,276.73,230.80,163.17,0.96,-1,-1,-1
3,2,146.18,347.35,268.27,245.24,0.95,-1,-1,-1
3,5,492.11,92.87,69.86,50.10,0.94,-1,-1,-1
3,4,770.72,79.29,43.68,36.46,0.93,-1,-1,-1
3,8,587.47,56.47,43.17,32.43,0.93,-1,-1,-1
3,11,1048.54,386.48,231.46,183.75,0.93,-1,-1,-1
3,9,608.02,42.33,34.07,25.31,0.90,-1,-1,-1
3,6,928.23,59.94,53.55,55.85,0.86,-1,-1,-1
3,1,0.14,238.55,50.91,177.00,0.82,-1,-1,-1
3,10,647.48,20.53,34.30,28.37,0.76,-1,-1,-1
3,7,954.25,99.78,57.22,40.17,0.75,-1,-1,-1
4,5,334.39,157.61,123.31,83.86,0.97,-1,-1,-1
4,8,541.55,77.36,56.06,42.92,0.95,-1,-1,-1
4,11,868.50,108.44,60.51,50.14,0.94,-1,-1,-1
4,9,578.72,55.05,40.55,31.52,0.94,-1,-1,-1
4,7,956.64,99.90,54.54,39.53,0.92,-1,-1,-1
4,4,767.02,43.15,29.46,23.54,0.90,-1,-1,-1
4,6,928.93,59.79,53.85,56.99,0.85,-1,-1,-1
4,10,634.36,35.78,32.70,21.61,0.70,-1,-1,-1
4,12,650.44,20.21,27.94,22.51,0.66,-1,-1,-1
5,8,436.50,125.05,88.39,66.44,0.96,-1,-1,-1
5,13,892.17,151.52,75.96,64.64,0.95,-1,-1,-1
5,9,525.31,80.50,55.29,42.01,0.95,-1,-1,-1
5,7,956.12,99.26,55.81,39.93,0.92,-1,-1,-1
5,10,607.54,41.59,39.65,31.21,0.91,-1,-1,-1
5,6,928.21,59.38,54.64,56.99,0.89,-1,-1,-1
5,11,825.88,50.33,32.59,26.16,0.82,-1,-1,-1
5,5,0.13,427.69,55.80,189.10,0.82,-1,-1,-1
5,4,765.41,22.93,25.26,17.57,0.80,-1,-1,-1
5,12,637.75,31.81,30.52,19.17,0.67,-1,-1,-1
6,8,317.14,176.87,131.66,97.60,0.97,-1,-1,-1
6,9,478.70,101.15,69.64,49.87,0.95,-1,-1,-1
6,13,853.41,93.90,47.57,40.79,0.94,-1,-1,-1
6,10,587.55,50.48,45.17,35.53,0.93,-1,-1,-1
6,7,956.71,99.60,55.08,39.73,0.92,-1,-1,-1
6,6,928.81,59.63,54.44,56.99,0.90,-1,-1,-1
6,12,628.78,34.17,33.50,23.49,0.68,-1,-1,-1
6,4,765.83,16.44,20.06,16.05,0.63,-1,-1,-1
6,11,814.90,39.50,26.19,17.82,0.61,-1,-1,-1
7,9,395.21,132.58,94.22,66.57,0.96,-1,-1,-1
7,8,36.31,288.88,245.32,192.23,0.95,-1,-1,-1
7,10,559.01,63.00,52.71,41.18,0.94,-1,-1,-1
7,14,1118.55,647.38,161.07,70.81,0.93,-1,-1,-1
7,7,956.64,99.59,55.20,39.88,0.92,-1,-1,-1
7,6,928.85,59.64,54.36,56.98,0.90,-1,-1,-1
7,13,830.29,61.30,34.65,29.52,0.90,-1,-1,-1
7,12,615.47,34.49,37.59,31.94,0.87,-1,-1,-1
7,4,766.08,11.04,18.82,14.34,0.54,-1,-1,-1
7,11,806.44,25.16,22.68,17.79,0.42,-1,-1,-1
8,15,951.43,257.23,125.20,101.65,0.96,-1,-1,-1
8,12,481.34,90.70,77.89,58.12,0.96,-1,-1,-1
8,10,68.13,251.90,223.97,181.01,0.95,-1,-1,-1
8,7,956.47,99.60,55.09,39.86,0.93,-1,-1,-1
8,14,779.94,62.65,38.11,33.91,0.91,-1,-1,-1
8,6,928.36,59.83,54.79,57.14,0.89,-1,-1,-1
9,12,240.77,176.92,160.76,120.77,0.96,-1,-1,-1
9,15,836.99,103.51,49.38,43.24,0.95,-1,-1,-1
9,7,955.98,99.61,55.32,39.86,0.92,-1,-1,-1
9,16,585.95,34.84,45.32,47.08,0.90,-1,-1,-1
9,13,766.56,39.08,24.50,15.27,0.53,-1,-1,-1
9,6,927.58,59.89,55.10,56.86,0.41,-1,-1,-1
10,17,997.61,311.39,194.02,148.37,0.96,-1,-1,-1
10,18,955.60,152.73,90.54,70.99,0.95,-1,-1,-1
10,16,503.67,80.43,68.80,53.57,0.94,-1,-1,-1
10,7,956.49,99.76,55.16,39.81,0.92,-1,-1,-1
10,15,810.55,54.10,29.29,26.83,0.91,-1,-1,-1
10,6,928.71,60.12,54.37,56.80,0.89,-1,-1,-1
10,19,762.90,16.22,18.53,16.32,0.65,-1,-1,-1
11,17,881.32,134.18,78.14,64.25,0.95,-1,-1,-1
11,16,274.86,165.59,153.59,102.84,0.94,-1,-1,-1
11,18,853.57,71.58,44.68,37.79,0.93,-1,-1,-1
11,7,955.99,99.60,55.78,39.96,0.93,-1,-1,-1
11,6,927.60,59.80,54.83,56.22,0.84,-1,-1,-1
11,15,795.95,32.45,22.55,18.11,0.42,-1,-1,-1
12,20,961.07,243.97,143.88,127.77,0.96,-1,-1,-1
12,7,955.72,99.58,56.04,39.73,0.93,-1,-1,-1
12,6,919.33,59.78,62.93,56.32,0.89,-1,-1,-1
12,15,789.63,6.52,16.89,13.27,0.32,-1,-1,-1
13,20,889.34,143.21,79.86,75.53,0.97,-1,-1,-1
13,7,956.24,99.48,55.63,39.99,0.93,-1,-1,-1
13,21,1117.84,567.80,162.16,149.44,0.91,-1,-1,-1
13,6,926.01,59.74,56.71,56.37,0.81,-1,-1,-1
14,21,936.28,251.89,135.18,108.24,0.97,-1,-1,-1
14,20,856.78,97.67,54.80,52.41,0.94,-1,-1,-1
14,7,956.63,99.59,55.10,39.61,0.93,-1,-1,-1
14,6,919.64,59.72,63.45,56.48,0.88,-1,-1,-1
15,22,872.62,147.93,80.51,65.76,0.96,-1,-1,-1
15,21,886.62,340.41,162.40,138.48,0.95,-1,-1,-1
15,20,836.98,70.25,40.73,40.27,0.92,-1,-1,-1
15,7,955.98,99.70,55.78,38.89,0.91,-1,-1,-1
15,6,920.42,59.96,62.34,56.44,0.86,-1,-1,-1
15,23,678.11,36.40,30.91,25.34,0.84,-1,-1,-1
16,24,802.06,171.90,81.12,75.08,0.95,-1,-1,-1
16,22,842.56,99.88,53.58,45.05,0.95,-1,-1,-1
16,7,956.15,99.77,55.32,40.01,0.91,-1,-1,-1
16,23,667.28,42.60,35.63,29.95,0.90,-1,-1,-1
16,20,822.31,51.83,33.42,32.29,0.88,-1,-1,-1
16,25,1085.16,495.96,194.73,218.69,0.87,-1,-1,-1
16,6,920.58,59.78,62.10,53.56,0.53,-1,-1,-1
17,25,962.79,282.17,162.38,120.40,0.96,-1,-1,-1
17,23,634.94,68.90,49.98,41.83,0.94,-1,-1,-1
17,22,850.94,93.08,50.52,41.53,0.93,-1,-1,-1
17,7,956.00,99.58,55.55,39.80,0.92,-1,-1,-1
17,24,763.66,52.64,29.95,26.95,0.91,-1,-1,-1
17,21,450.81,679.45,247.32,37.89,0.85,-1,-1,-1
17,6,920.49,60.11,61.93,55.70,0.82,-1,-1,-1
17,20,793.53,38.06,28.89,20.31,0.71,-1,-1,-1
18,26,885.11,160.94,88.63,67.33,0.96,-1,-1,-1
18,27,240.04,413.48,317.61,269.87,0.94,-1,-1,-1
18,23,624.08,76.13,54.82,46.10,0.94,-1,-1,-1
18,7,956.15,99.63,55.10,39.86,0.92,-1,-1,-1
18,24,762.33,38.59,24.22,21.13,0.90,-1,-1,-1
18,6,920.85,59.89,61.63,56.09,0.86,-1,-1,-1
18,25,836.47,67.97,38.22,30.66,0.84,-1,-1,-1
18,20,778.77,25.21,23.11,18.24,0.32,-1,-1,-1
19,27,99.54,272.50,205.93,144.50,0.96,-1,-1,-1
19,23,618.46,81.42,57.16,48.06,0.95,-1,-1,-1
19,26,847.48,107.00,59.27,46.18,0.94,-1,-1,-1
19,7,956.21,99.51,57.12,39.84,0.92,-1,-1,-1
19,6,928.12,59.76,54.99,56.83,0.90,-1,-1,-1
19,28,647.41,19.86,24.69,26.04,0.74,-1,-1,-1
19,25,826.74,53.61,31.02,20.98,0.61,-1,-1,-1
20,27,0.00,189.34,137.30,95.15,0.96,-1,-1,-1
20,23,614.58,83.80,58.38,50.42,0.95,-1,-1,-1
20,26,823.92,75.11,44.70,34.81,0.92,-1,-1,-1
20,7,956.54,99.96,54.94,39.65,0.92,-1,-1,-1
20,6,928.59,60.04,54.11,56.88,0.90,-1,-1,-1
20,28,633.58,36.19,27.61,19.68,0.76,-1,-1,-1
20,25,818.82,42.25,25.82,16.53,0.74,-1,-1,-1
21,29,976.74,290.43,148.13,115.76,0.95,-1,-1,-1
21,23,611.75,86.14,60.02,50.80,0.95,-1,-1,-1
21,28,600.91,49.13,36.32,30.51,0.92,-1,-1,-1
21,7,956.17,99.43,55.27,39.91,0.91,-1,-1,-1
21,6,928.09,59.85,54.72,56.83,0.88,-1,-1,-1
21,26,784.53,41.16,30.78,19.95,0.85,-1,-1,-1
21,25,807.06,23.64,20.40,16.59,0.39,-1,-1,-1
21,24,761.70,5.49,14.31,15.63,0.34,-1,-1,-1
22,28,561.18,66.93,46.80,37.38,0.95,-1,-1,-1
22,23,611.08,85.94,59.99,51.80,0.95,-1,-1,-1
22,29,897.94,132.66,61.87,52.82,0.94,-1,-1,-1
22,7,959.04,99.05,52.27,39.87,0.89,-1,-1,-1
22,26,765.66,19.39,23.86,16.91,0.58,-1,-1,-1
22,25,798.19,14.15,15.78,11.42,0.25,-1,-1,-1
23,28,524.47,81.86,55.94,43.28,0.95,-1,-1,-1
23,23,609.62,86.67,60.54,52.11,0.94,-1,-1,-1
23,30,893.26,421.09,196.34,185.98,0.94,-1,-1,-1
23,29,878.46,91.50,43.95,37.66,0.93,-1,-1,-1
23,7,959.66,98.57,51.84,40.64,0.84,-1,-1,-1
23,6,927.90,59.42,53.85,55.44,0.57,-1,-1,-1
23,26,763.14,8.75,16.91,13.20,0.48,-1,-1,-1
24,23,609.35,87.17,60.41,52.44,0.96,-1,-1,-1
24,28,517.03,84.38,58.40,44.90,0.95,-1,-1,-1
24,30,837.30,236.77,106.56,92.11,0.95,-1,-1,-1
24,29,877.07,82.23,38.46,33.37,0.93,-1,-1,-1
24,7,963.43,99.25,48.27,40.14,0.76,-1,-1,-1
25,23,608.52,87.01,60.94,53.42,0.96,-1,-1,-1
25,30,807.75,154.33,71.60,62.22,0.95,-1,-1,-1
25,28,516.16,84.24,58.46,44.92,0.95,-1,-1,-1
25,29,877.78,75.09,35.35,30.51,0.90,-1,-1,-1
25,31,1099.62,490.35,180.38,225.51,0.87,-1,-1,-1
25,7,959.20,98.22,52.33,40.76,0.86,-1,-1,-1
25,26,763.55,0.58,13.79,10.90,0.37,-1,-1,-1
26,31,947.66,240.98,129.88,112.64,0.96,-1,-1,-1
26,23,607.44,88.05,61.30,53.73,0.96,-1,-1,-1
26,28,515.87,84.54,58.61,44.63,0.95,-1,-1,-1
26,30,788.60,111.98,55.61,45.79,0.92,-1,-1,-1
26,7,959.63,98.77,51.78,40.37,0.88,-1,-1,-1
26,29,885.07,71.30,42.27,29.93,0.29,-1,-1,-1
27,23,606.99,88.27,61.67,55.22,0.96,-1,-1,-1
27,31,889.71,152.07,81.78,70.79,0.96,-1,-1,-1
27,28,515.98,84.71,58.52,44.97,0.95,-1,-1,-1
27,30,779.46,83.47,42.47,36.27,0.93,-1,-1,-1
27,7,956.73,99.51,54.53,39.99,0.93,-1,-1,-1
27,32,924.79,57.77,51.79,55.95,0.82,-1,-1,-1
28,33,1103.32,239.07,144.92,102.72,0.98,-1,-1,-1
28,28,515.58,84.97,58.50,44.68,0.95,-1,-1,-1
28,23,606.22,88.80,61.87,54.77,0.95,-1,-1,-1
28,7,956.17,99.06,55.16,39.89,0.93,-1,-1,-1
28,34,646.54,60.21,42.91,35.62,0.92,-1,-1,-1
28,35,645.49,20.01,26.90,22.06,0.90,-1,-1,-1
28,36,676.94,37.02,31.45,25.40,0.89,-1,-1,-1
28,32,921.52,56.70,52.23,54.47,0.89,-1,-1,-1
28,29,905.01,65.89,22.18,26.44,0.68,-1,-1,-1
29,33,956.05,263.09,181.42,127.25,0.97,-1,-1,-1
29,28,516.03,84.45,58.48,44.76,0.95,-1,-1,-1
29,23,606.71,88.66,61.62,54.23,0.94,-1,-1,-1
29,34,639.14,66.04,46.65,37.27,0.93,-1,-1,-1
29,7,956.55,98.46,54.87,40.25,0.93,-1,-1,-1
29,36,670.88,40.95,34.28,27.99,0.90,-1,-1,-1
29,32,921.92,56.11,52.31,54.34,0.89,-1,-1,-1
29,35,633.58,24.15,29.87,25.13,0.74,-1,-1,-1
29,29,905.17,65.55,22.28,26.00,0.67,-1,-1,-1
29,31,782.68,8.41,16.45,15.17,0.26,-1,-1,-1
30,33,743.13,311.19,237.74,183.65,0.95,-1,-1,-1
30,28,515.88,84.66,58.39,44.83,0.95,-1,-1,-1
30,23,606.18,90.47,61.10,53.31,0.94,-1,-1,-1
30,34,634.26,70.55,46.81,39.40,0.94,-1,-1,-1
30,7,956.39,98.97,54.93,40.08,0.93,-1,-1,-1
30,36,664.67,46.59,36.71,28.83,0.90,-1,-1,-1
30,32,921.38,56.20,52.17,54.65,0.88,-1,-1,-1
30,35,618.10,32.85,33.82,25.30,0.81,-1,-1,-1
30,29,905.32,65.96,21.54,26.11,0.64,-1,-1,-1
31,28,515.57,85.04,58.23,44.51,0.95,-1,-1,-1
31,23,605.15,90.62,61.63,53.22,0.93,-1,-1,-1
31,33,395.96,432.82,358.85,281.73,0.93,-1,-1,-1
31,7,956.03,98.90,55.21,39.93,0.93,-1,-1,-1
31,36,658.06,50.17,39.85,30.56,0.92,-1,-1,-1
31,35,601.12,37.54,37.77,30.08,0.92,-1,-1,-1
31,34,632.93,72.73,45.26,39.96,0.90,-1,-1,-1
31,32,920.51,55.35,51.25,55.06,0.88,-1,-1,-1
31,37,692.03,17.55,19.15,21.50,0.64,-1,-1,-1
31,29,905.17,66.26,21.07,25.81,0.61,-1,-1,-1
32,23,514.34,155.57,101.60,86.97,0.96,-1,-1,-1
32,34,606.73,88.66,57.52,49.12,0.95,-1,-1,-1
32,28,503.18,90.50,60.42,46.17,0.95,-1,-1,-1
32,38,535.71,61.59,54.40,40.97,0.94,-1,-1,-1
32,7,905.27,66.28,34.02,27.24,0.92,-1,-1,-1
32,36,642.70,61.35,44.81,34.66,0.91,-1,-1,-1
32,35,578.06,43.95,41.81,36.06,0.90,-1,-1,-1
32,37,662.51,47.04,35.17,33.27,0.85,-1,-1,-1
32,39,619.30,36.35,31.70,26.04,0.77,-1,-1,-1
32,32,787.45,8.77,16.17,14.30,0.39,-1,-1,-1
33,34,525.59,141.47,89.15,75.73,0.96,-1,-1,-1
33,28,453.92,113.21,70.69,54.85,0.96,-1,-1,-1
33,35,531.49,63.78,56.48,42.37,0.95,-1,-1,-1
33,36,631.49,71.73,49.90,39.74,0.94,-1,-1,-1
33,23,2.31,576.88,293.33,139.21,0.92,-1,-1,-1
33,7,905.69,66.79,33.94,27.27,0.91,-1,-1,-1
33,38,576.79,44.89,42.19,36.82,0.91,-1,-1,-1
33,37,656.65,49.27,39.88,35.11,0.88,-1,-1,-1
33,40,672.71,39.47,29.25,27.18,0.84,-1,-1,-1
33,39,619.99,34.91,31.46,28.02,0.83,-1,-1,-1
34,28,324.24,167.77,109.19,86.04,0.97,-1,-1,-1
34,35,511.21,71.46,60.15,46.15,0.95,-1,-1,-1
34,36,590.89,100.21,67.92,52.91,0.94,-1,-1,-1
34,34,21.72,430.58,338.00,283.78,0.94,-1,-1,-1
34,37,639.57,58.35,48.43,41.62,0.93,-1,-1,-1
34,38,565.75,48.20,45.68,37.46,0.93,-1,-1,-1
34,7,905.16,66.42,34.03,27.07,0.92,-1,-1,-1
34,40,667.94,39.28,33.21,27.37,0.90,-1,-1,-1
34,41,1120.09,534.17,156.13,182.11,0.89,-1,-1,-1
34,39,619.23,36.66,31.66,26.00,0.83,-1,-1,-1
35,36,476.80,176.98,118.46,93.91,0.96,-1,-1,-1
35,35,458.43,94.05,75.12,55.76,0.95,-1,-1,-1
35,41,896.63,240.85,148.40,104.74,0.95,-1,-1,-1
35,37,600.91,82.07,64.06,57.96,0.94,-1,-1,-1
35,38,553.87,52.57,49.28,40.99,0.94,-1,-1,-1
35,40,662.53,43.69,35.15,29.05,0.93,-1,-1,-1
35,7,905.88,66.51,34.15,27.29,0.92,-1,-1,-1
35,28,0.00,367.57,133.74,220.92,0.91,-1,-1,-1
35,39,618.89,36.10,32.08,27.54,0.84,-1,-1,-1
36,35,403.38,113.99,91.77,70.41,0.96,-1,-1,-1
36,36,301.81,284.15,205.88,175.11,0.96,-1,-1,-1
36,37,563.87,103.44,77.93,71.46,0.96,-1,-1,-1
36,41,832.95,170.46,102.85,76.06,0.95,-1,-1,-1
36,38,544.71,56.69,51.90,41.63,0.94,-1,-1,-1
36,42,1063.36,430.68,216.64,195.69,0.93,-1,-1,-1
36,40,656.15,47.61,37.17,30.31,0.92,-1,-1,-1
36,7,905.77,66.46,34.33,27.32,0.91,-1,-1,-1
36,39,614.22,40.85,33.05,25.84,0.89,-1,-1,-1
37,35,302.84,151.75,125.18,94.53,0.97,-1,-1,-1
37,37,499.64,139.10,105.35,94.26,0.96,-1,-1,-1
37,42,975.40,282.36,149.45,115.59,0.96,-1,-1,-1
37,41,794.04,127.27,75.02,60.64,0.95,-1,-1,-1
37,38,532.87,59.23,54.71,45.40,0.94,-1,-1,-1
37,40,647.76,52.05,39.76,33.74,0.94,-1,-1,-1
37,39,606.46,43.22,35.09,27.79,0.93,-1,-1,-1
37,7,905.23,66.25,34.21,27.16,0.92,-1,-1,-1
37,36,0.06,635.75,233.52,81.80,0.55,-1,-1,-1
38,38,504.23,70.18,63.86,51.70,0.96,-1,-1,-1
38,42,890.96,148.02,75.03,61.04,0.96,-1,-1,-1
38,40,623.99,71.86,49.37,42.55,0.95,-1,-1,-1
38,39,587.73,53.94,39.87,31.43,0.94,-1,-1,-1
38,37,73.31,365.81,323.91,306.06,0.94,-1,-1,-1
38,41,764.41,79.37,46.89,38.47,0.93,-1,-1,-1
38,7,906.77,66.47,33.77,27.07,0.92,-1,-1,-1
39,38,355.39,119.16,105.69,82.20,0.96,-1,-1,-1
39,39,519.54,90.44,59.37,46.44,0.96,-1,-1,-1
39,40,312.74,263.90,174.25,162.12,0.95,-1,-1,-1
39,43,844.33,91.32,42.77,37.98,0.94,-1,-1,-1
39,7,905.95,66.67,33.73,27.07,0.93,-1,-1,-1
39,42,826.49,55.93,33.79,26.68,0.92,-1,-1,-1
39,41,761.98,39.50,25.36,17.60,0.75,-1,-1,-1
40,39,438.08,129.70,85.25,65.36,0.97,-1,-1,-1
40,38,89.41,199.74,199.07,147.58,0.96,-1,-1,-1
40,43,1043.28,377.64,215.02,169.72,0.96,-1,-1,-1
40,7,903.82,66.70,35.89,27.02,0.89,-1,-1,-1
40,42,817.78,51.03,27.78,25.17,0.86,-1,-1,-1
40,41,761.66,22.97,21.38,17.91,0.86,-1,-1,-1
41,39,261.57,210.34,147.56,113.23,0.97,-1,-1,-1
41,43,877.20,130.76,71.95,59.33,0.95,-1,-1,-1
41,7,906.82,66.41,34.02,27.00,0.92,-1,-1,-1
41,41,764.14,14.88,18.98,14.69,0.55,-1,-1,-1
42,44,937.80,181.91,105.40,87.64,0.95,-1,-1,-1
42,45,344.11,597.08,260.11,119.80,0.94,-1,-1,-1
42,46,920.47,77.68,43.80,31.25,0.91,-1,-1,-1
42,43,832.33,67.50,40.01,30.74,0.91,-1,-1,-1
42,7,906.66,66.96,33.90,25.88,0.84,-1,-1,-1
42,47,671.50,11.93,20.81,16.02,0.78,-1,-1,-1
43,48,1019.88,345.27,183.68,145.97,0.95,-1,-1,-1
43,49,860.22,95.21,51.89,44.93,0.94,-1,-1,-1
43,44,602.19,43.53,40.61,30.37,0.93,-1,-1,-1
43,46,921.14,77.59,43.52,31.21,0.90,-1,-1,-1
43,45,462.38,355.97,387.72,364.03,0.88,-1,-1,-1
43,7,907.00,66.99,33.71,25.65,0.84,-1,-1,-1
43,47,674.39,1.20,15.38,12.49,0.74,-1,-1,-1
43,43,788.81,10.11,16.92,13.17,0.65,-1,-1,-1
43,50,489.96,608.97,498.18,106.85,0.60,-1,-1,-1
43,42,804.49,26.16,23.15,18.86,0.54,-1,-1,-1
44,48,915.03,183.60,93.55,80.20,0.95,-1,-1,-1
44,44,584.00,51.52,45.91,33.09,0.94,-1,-1,-1
44,49,839.57,68.53,40.44,34.58,0.91,-1,-1,-1
44,46,919.26,77.01,43.66,31.05,0.91,-1,-1,-1
44,45,481.74,414.62,534.36,294.51,0.87,-1,-1,-1
44,7,905.47,66.33,31.88,25.14,0.87,-1,-1,-1
44,50,322.09,309.18,526.80,375.88,0.74,-1,-1,-1
44,47,668.16,2.42,16.66,12.42,0.50,-1,-1,-1
45,47,559.52,64.61,53.72,39.76,0.95,-1,-1,-1
45,48,842.14,86.26,44.90,37.00,0.94,-1,-1,-1
45,44,53.24,121.90,352.57,283.33,0.93,-1,-1,-1
45,46,920.81,78.64,44.02,29.95,0.87,-1,-1,-1
45,7,907.00,66.88,31.99,25.51,0.83,-1,-1,-1
45,49,819.48,40.52,27.58,21.41,0.79,-1,-1,-1
46,47,551.40,68.70,56.71,41.83,0.95,-1,-1,-1
46,51,249.24,422.39,299.02,270.25,0.95,-1,-1,-1
46,52,0.83,89.56,260.16,219.75,0.94,-1,-1,-1
46,48,826.52,62.30,34.74,30.10,0.91,-1,-1,-1
46,46,921.50,77.32,43.67,30.97,0.90,-1,-1,-1
46,7,907.54,66.80,31.73,25.37,0.84,-1,-1,-1
47,51,107.21,285.61,222.26,171.88,0.95,-1,-1,-1
47,47,542.18,72.02,58.29,42.75,0.94,-1,-1,-1
47,46,918.67,76.86,43.25,31.31,0.91,-1,-1,-1
47,48,814.27,46.45,28.25,24.28,0.88,-1,-1,-1
47,7,904.29,66.22,30.17,26.29,0.83,-1,-1,-1
47,52,0.00,162.84,150.91,90.84,0.80,-1,-1,-1
47,49,803.53,22.07,20.71,17.05,0.70,-1,-1,-1
48,51,979.01,305.87,169.27,141.19,0.97,-1,-1,-1
48,47,536.79,74.62,60.37,44.32,0.95,-1,-1,-1
48,53,528.02,40.31,42.85,27.55,0.91,-1,-1,-1
48,46,918.91,77.37,42.45,30.94,0.91,-1,-1,-1
48,7,904.23,66.83,32.35,25.29,0.86,-1,-1,-1
49,54,895.43,173.17,92.75,79.80,0.97,-1,-1,-1
49,47,538.76,75.16,60.34,43.83,0.96,-1,-1,-1
49,53,510.56,45.29,45.90,29.53,0.94,-1,-1,-1
49,46,920.44,77.20,43.33,31.02,0.90,-1,-1,-1
49,7,906.12,66.57,32.94,25.36,0.87,-1,-1,-1
50,55,158.35,323.23,259.68,152.04,0.95,-1,-1,-1
50,56,931.85,223.52,204.39,81.71,0.95,-1,-1,-1
51,55,157.40,322.94,260.12,152.26,0.95,-1,-1,-1
51,56,891.60,225.05,205.18,78.98,0.94,-1,-1,-1
52,55,157.82,323.11,260.34,151.30,0.95,-1,-1,-1
52,56,653.03,214.31,184.19,80.84,0.90,-1,-1,-1
53,55,157.27,323.03,261.08,150.97,0.95,-1,-1,-1
53,56,383.16,201.34,150.48,64.62,0.93,-1,-1,-1
54,55,158.01,323.73,260.57,151.47,0.95,-1,-1,-1
54,57,924.05,221.20,206.97,74.57,0.93,-1,-1,-1
54,56,3.11,153.29,104.32,50.97,0.65,-1,-1,-1
55,55,159.37,323.32,259.34,152.52,0.95,-1,-1,-1
55,57,443.70,192.19,150.19,63.41,0.93,-1,-1,-1
56,55,157.91,322.55,260.51,151.43,0.95,-1,-1,-1
56,58,1155.94,214.99,124.06,84.78,0.94,-1,-1,-1
56,57,276.88,170.27,117.20,53.65,0.94,-1,-1,-1
57,58,941.12,225.09,206.37,79.77,0.95,-1,-1,-1
57,55,158.15,323.03,260.09,151.20,0.95,-1,-1,-1
57,57,136.10,148.68,97.35,49.07,0.93,-1,-1,-1
58,55,158.36,323.76,259.44,152.07,0.95,-1,-1,-1
58,58,496.16,200.23,143.08,66.34,0.94,-1,-1,-1
59,58,348.43,178.88,115.62,56.02,0.95,-1,-1,-1
59,55,158.83,323.70,259.21,151.84,0.95,-1,-1,-1
60,55,459.64,412.62,394.04,231.41,0.92,-1,-1,-1
60,59,0.00,274.35,117.57,103.22,0.92,-1,-1,-1
60,60,1067.38,203.02,212.54,209.05,0.80,-1,-1,-1
60,61,671.88,215.99,215.98,78.46,0.75,-1,-1,-1
61,59,87.14,321.44,240.15,147.59,0.91,-1,-1,-1
61,58,238.18,140.79,159.02,117.09,0.89,-1,-1,-1
62,62,791.63,237.01,208.62,80.51,0.93,-1,-1,-1
62,59,268.02,375.03,304.61,167.89,0.92,-1,-1,-1
62,57,38.88,118.31,121.94,96.79,0.89,-1,-1,-1
63,62,407.56,188.24,137.55,61.61,0.95,-1,-1,-1
63,59,710.91,259.04,249.98,102.53,0.91,-1,-1,-1
63,55,612.10,478.12,455.64,231.03,0.88,-1,-1,-1
64,58,163.02,155.44,101.52,48.74,0.94,-1,-1,-1
64,63,369.36,208.21,159.45,72.00,0.94,-1,-1,-1
65,63,227.30,162.40,173.92,88.43,0.93,-1,-1,-1
66,64,180.75,235.42,179.72,108.50,0.96,-1,-1,-1
66,65,289.22,353.77,397.95,219.24,0.83,-1,-1,-1
67,64,488.23,424.24,363.32,245.88,0.87,-1,-1,-1
68,66,14.96,204.52,158.02,93.78,0.96,-1,-1,-1
69,66,155.13,232.26,192.90,116.02,0.96,-1,-1,-1
70,66,265.61,254.87,226.65,135.63,0.96,-1,-1,-1
71,66,333.11,266.64,246.46,147.34,0.96,-1,-1,-1
72,66,353.61,272.49,253.86,148.54,0.95,-1,-1,-1
73,66,354.00,273.16,254.44,148.14,0.95,-1,-1,-1
74,66,353.80,273.12,254.04,148.34,0.95,-1,-1,-1
74,67,0.00,206.55,117.92,75.11,0.95,-1,-1,-1
74,68,972.21,223.51,226.54,74.78,0.92,-1,-1,-1
74,69,0.00,262.78,68.75,116.27,0.89,-1,-1,-1
75,67,75.43,226.72,158.05,85.29,0.95,-1,-1,-1
75,69,0.02,299.67,194.04,132.93,0.95,-1,-1,-1
75,66,353.98,273.29,254.02,148.17,0.95,-1,-1,-1
75,70,1050.52,239.09,229.48,103.26,0.94,-1,-1,-1
75,68,756.72,216.54,205.02,75.83,0.90,-1,-1,-1
76,69,38.72,320.29,238.09,146.32,0.96,-1,-1,-1
76,67,129.80,238.82,174.69,93.30,0.95,-1,-1,-1
76,66,353.80,270.92,254.18,150.17,0.95,-1,-1,-1
76,68,535.26,204.06,172.34,64.64,0.92,-1,-1,-1
76,70,757.95,238.97,250.08,96.60,0.92,-1,-1,-1
76,71,1229.85,188.57,50.15,90.04,0.64,-1,-1,-1
77,69,46.24,323.92,243.61,148.44,0.96,-1,-1,-1
77,67,142.68,241.31,177.44,96.12,0.96,-1,-1,-1
77,66,353.93,274.86,254.35,146.17,0.95,-1,-1,-1
77,70,467.20,216.78,201.70,87.61,0.95,-1,-1,-1
77,68,350.40,179.82,140.42,59.31,0.94,-1,-1,-1
77,71,1047.98,200.36,224.91,91.12,0.91,-1,-1,-1
78,69,46.72,324.46,243.08,147.76,0.96,-1,-1,-1
78,67,142.42,242.21,177.21,95.16,0.95,-1,-1,-1
78,66,353.61,271.30,254.48,150.26,0.95,-1,-1,-1
78,70,247.51,187.04,144.07,70.76,0.94,-1,-1,-1
78,71,801.60,198.68,205.81,87.56,0.93,-1,-1,-1
78,68,190.56,158.16,114.51,50.53,0.74,-1,-1,-1
79,69,47.48,324.55,242.87,147.56,0.96,-1,-1,-1
79,67,143.14,242.63,178.06,94.72,0.95,-1,-1,-1
79,66,354.06,271.20,254.70,150.38,0.95,-1,-1,-1
79,70,74.77,160.90,112.72,60.29,0.93,-1,-1,-1
79,71,553.14,185.12,170.01,79.99,0.93,-1,-1,-1
80,69,47.43,324.99,242.47,146.98,0.96,-1,-1,-1
80,67,143.45,242.19,176.47,95.04,0.95,-1,-1,-1
80,66,353.94,272.80,254.16,148.75,0.95,-1,-1,-1
80,71,353.88,168.36,146.55,70.21,0.94,-1,-1,-1
81,69,47.16,324.40,242.38,147.16,0.96,-1,-1,-1
81,67,142.57,241.68,178.28,95.04,0.95,-1,-1,-1
81,66,353.76,273.56,254.15,147.77,0.95,-1,-1,-1
81,71,210.88,150.07,115.01,59.23,0.94,-1,-1,-1
82,69,106.37,343.11,262.20,162.30,0.96,-1,-1,-1
82,67,159.58,245.39,181.06,98.18,0.95,-1,-1,-1
82,72,0.00,198.51,114.14,77.44,0.93,-1,-1,-1
82,66,650.59,320.23,361.33,211.66,0.93,-1,-1,-1
83,67,192.54,253.57,188.67,101.06,0.96,-1,-1,-1
83,72,0.00,201.49,127.69,76.14,0.95,-1,-1,-1
83,69,193.21,374.44,305.40,189.15,0.94,-1,-1,-1
83,66,1011.91,398.38,268.09,273.15,0.88,-1,-1,-1
84,67,252.02,266.12,209.14,113.08,0.96,-1,-1,-1
84,72,15.49,207.12,142.94,79.83,0.95,-1,-1,-1
84,69,383.07,436.68,389.40,237.42,0.92,-1,-1,-1
85,72,58.44,215.60,150.91,87.34,0.96,-1,-1,-1
85,67,348.38,285.46,234.11,123.84,0.95,-1,-1,-1
85,73,0.00,245.53,73.09,116.61,0.86,-1,-1,-1
85,69,777.55,558.67,502.45,157.02,0.86,-1,-1,-1
86,72,119.13,227.41,163.28,93.87,0.95,-1,-1,-1
86,73,0.00,275.33,208.71,141.00,0.95,-1,-1,-1
86,67,474.56,309.02,279.57,136.25,0.93,-1,-1,-1
87,72,200.87,244.48,183.17,101.02,0.95,-1,-1,-1
87,73,160.02,337.08,296.83,175.65,0.95,-1,-1,-1
87,67,670.18,323.82,330.08,154.89,0.93,-1,-1,-1
88,72,301.03,265.35,209.81,119.28,0.95,-1,-1,-1
88,67,956.95,344.37,323.05,146.58,0.92,-1,-1,-1
88,73,505.91,442.90,494.44,270.92,0.90,-1,-1,-1
88,74,0.00,243.91,37.67,106.76,0.87,-1,-1,-1
89,72,439.07,290.32,254.17,134.13,0.95,-1,-1,-1
89,74,0.40,273.14,190.09,152.04,0.94,-1,-1,-1
89,75,0.00,186.53,62.43,67.84,0.92,-1,-1,-1
90,75,17.93,207.36,148.67,77.74,0.95,-1,-1,-1
90,72,638.28,313.34,306.80,152.28,0.94,-1,-1,-1
90,74,177.71,342.13,318.32,211.91,0.92,-1,-1,-1
91,75,109.18,226.21,170.80,91.95,0.95,-1,-1,-1
91,72,920.56,330.96,347.15,147.04,0.93,-1,-1,-1
91,74,665.27,487.07,512.21,228.91,0.86,-1,-1,-1
92,75,356.45,275.67,240.76,124.49,0.96,-1,-1,-1
93,76,0.19,226.77,158.72,116.68,0.95,-1,-1,-1
93,75,508.07,303.30,293.89,142.52,0.94,-1,-1,-1
94,76,407.53,339.88,322.38,213.99,0.92,-1,-1,-1
94,75,607.42,322.78,399.47,165.40,0.82,-1,-1,-1
95,75,805.28,347.75,402.94,180.26,0.93,-1,-1,-1
96,77,755.14,223.98,230.68,93.07,0.91,-1,-1,-1
96,73,1128.34,377.09,151.66,173.72,0.89,-1,-1,-1
97,77,377.78,180.02,137.15,64.25,0.94,-1,-1,-1
97,73,1128.20,378.29,151.80,172.30,0.89,-1,-1,-1
98,71,152.52,150.97,101.25,51.31,0.95,-1,-1,-1
98,78,831.47,275.46,290.84,101.65,0.91,-1,-1,-1
98,73,1127.99,390.68,152.01,155.04,0.89,-1,-1,-1
98,75,1196.71,263.95,83.29,113.27,0.36,-1,-1,-1
99,79,543.63,208.14,165.01,65.27,0.92,-1,-1,-1
99,73,1128.28,372.94,151.52,176.45,0.92,-1,-1,-1
99,78,256.87,189.93,149.09,63.16,0.90,-1,-1,-1
99,71,0.15,131.49,80.99,44.04,0.87,-1,-1,-1
100,73,1128.49,373.56,151.37,176.16,0.93,-1,-1,-1
100,79,215.32,161.54,119.75,50.53,0.91,-1,-1,-1
100,78,27.01,159.10,55.58,33.23,0.69,-1,-1,-1
101,80,329.62,178.96,124.60,55.64,0.93,-1,-1,-1
101,73,1128.63,373.82,151.26,175.77,0.90,-1,-1,-1
102,81,489.89,217.53,195.04,91.64,0.92,-1,-1,-1
102,73,1128.68,371.03,151.13,178.94,0.88,-1,-1,-1
102,80,95.81,147.01,94.24,46.18,0.88,-1,-1,-1
102,82,1123.36,264.03,156.64,105.87,0.86,-1,-1,-1
103,82,561.60,205.15,150.14,66.37,0.94,-1,-1,-1
103,81,118.00,162.18,111.10,63.94,0.91,-1,-1,-1
103,73,1128.90,371.12,150.96,178.52,0.88,-1,-1,-1
104,82,253.84,165.73,109.90,51.92,0.94,-1,-1,-1
104,73,1129.07,375.87,150.93,171.10,0.89,-1,-1,-1
105,73,1129.03,382.20,150.97,164.10,0.93,-1,-1,-1
105,83,825.22,269.18,272.66,107.79,0.92,-1,-1,-1
105,82,55.18,141.68,85.27,42.32,0.85,-1,-1,-1
106,83,207.85,180.34,131.10,61.50,0.92,-1,-1,-1
106,73,1128.27,376.43,151.73,170.19,0.90,-1,-1,-1
107,84,0.65,283.77,230.09,131.94,0.95,-1,-1,-1
108,84,46.93,296.58,249.13,144.92,0.95,-1,-1,-1
109,84,80.23,308.51,258.06,153.90,0.95,-1,-1,-1
110,84,95.93,314.13,270.83,155.38,0.96,-1,-1,-1
111,84,113.06,319.90,274.96,155.56,0.95,-1,-1,-1
112,84,188.70,342.98,308.17,172.54,0.94,-1,-1,-1
113,84,330.88,383.74,373.14,210.76,0.86,-1,-1,-1
114,85,66.22,218.75,149.92,90.88,0.96,-1,-1,-1
115,85,236.58,252.30,183.84,112.00,0.95,-1,-1,-1
115,86,8.05,253.49,222.54,140.76,0.92,-1,-1,-1
115,84,1076.04,303.68,203.96,128.66,0.90,-1,-1,-1
116,87,607.34,236.77,197.09,90.98,0.92,-1,-1,-1
116,85,320.18,226.40,345.58,328.77,0.88,-1,-1,-1
116,86,0.00,177.89,44.64,77.41,0.52,-1,-1,-1
117,87,297.88,193.92,135.74,66.61,0.96,-1,-1,-1
117,85,719.52,324.97,303.90,169.66,0.94,-1,-1,-1
117,86,3.15,198.66,190.68,103.82,0.91,-1,-1,-1
118,86,142.16,226.68,246.46,126.09,0.95,-1,-1,-1
118,88,847.86,235.73,210.03,87.40,0.93,-1,-1,-1
118,85,1042.09,360.25,237.91,179.98,0.91,-1,-1,-1
118,87,83.16,160.83,103.97,53.82,0.90,-1,-1,-1
119,89,110.33,325.93,299.54,194.69,0.94,-1,-1,-1
119,88,537.90,199.70,148.48,67.98,0.92,-1,-1,-1
119,86,335.37,254.76,298.15,151.38,0.88,-1,-1,-1
119,90,0.00,182.47,14.98,59.99,0.76,-1,-1,-1
120,89,23.11,194.15,162.32,97.64,0.95,-1,-1,-1
120,88,308.98,170.68,111.64,56.11,0.94,-1,-1,-1
120,86,548.82,280.62,384.09,163.28,0.87,-1,-1,-1
121,89,208.51,231.17,215.13,124.96,0.95,-1,-1,-1
121,88,133.85,148.19,89.07,48.47,0.94,-1,-1,-1
121,84,1119.28,285.02,160.72,177.68,0.89,-1,-1,-1
121,86,850.63,281.64,428.20,181.98,0.86,-1,-1,-1
122,91,24.56,293.19,248.18,159.22,0.95,-1,-1,-1
122,89,444.32,282.15,294.35,152.79,0.92,-1,-1,-1
122,86,1132.30,311.94,147.65,130.91,0.82,-1,-1,-1
123,91,737.42,305.34,391.99,183.63,0.92,-1,-1,-1
123,89,671.83,483.16,535.88,236.28,0.79,-1,-1,-1
123,92,0.00,190.50,14.81,55.14,0.65,-1,-1,-1
124,93,0.00,256.96,176.20,137.05,0.95,-1,-1,-1
124,92,87.91,223.09,160.03,90.01,0.94,-1,-1,-1
124,91,1091.00,320.17,188.56,167.56,0.90,-1,-1,-1
125,93,494.28,403.72,457.21,292.70,0.89,-1,-1,-1
125,92,453.74,304.93,273.17,135.49,0.83,-1,-1,-1
125,94,0.00,201.74,25.94,48.09,0.79,-1,-1,-1
126,94,66.94,220.87,180.09,88.95,0.95,-1,-1,-1
127,94,301.61,272.62,249.77,122.16,0.95,-1,-1,-1
128,95,0.00,288.08,216.52,129.62,0.97,-1,-1,-1
128,94,664.78,324.05,371.24,158.62,0.90,-1,-1,-1
129,96,359.69,203.02,77.54,68.96,0.94,-1,-1,-1
130,96,295.52,265.63,117.02,112.90,0.94,-1,-1,-1
131,96,102.94,443.57,246.39,269.43,0.93,-1,-1,-1
132,97,938.96,315.08,202.59,140.35,0.96,-1,-1,-1
133,97,804.96,234.33,119.85,92.32,0.95,-1,-1,-1
134,97,723.14,192.57,85.16,64.60,0.94,-1,-1,-1
134,98,411.34,116.46,22.02,20.73,0.69,-1,-1,-1
134,99,386.87,111.06,20.25,17.86,0.56,-1,-1,-1
135,98,221.17,222.84,99.40,84.47,0.95,-1,-1,-1
135,99,265.03,159.57,50.80,45.06,0.94,-1,-1,-1
135,97,562.99,106.81,21.88,19.06,0.85,-1,-1,-1
136,99,229.41,174.67,59.64,51.37,0.96,-1,-1,-1
136,98,44.23,319.75,175.39,140.82,0.93,-1,-1,-1
137,99,193.64,189.47,68.98,58.29,0.94,-1,-1,-1
138,99,159.42,201.03,78.88,67.86,0.95,-1,-1,-1
139,99,127.43,214.18,88.57,73.70,0.95,-1,-1,-1
140,99,103.38,220.77,96.44,78.62,0.95,-1,-1,-1
141,99,93.82,225.80,98.62,78.61,0.95,-1,-1,-1
141,100,445.95,424.50,388.53,155.95,0.94,-1,-1,-1
142,99,94.17,225.45,98.30,78.36,0.96,-1,-1,-1
142,100,453.68,403.85,423.45,177.77,0.93,-1,-1,-1
143,99,93.92,224.91,98.45,79.55,0.94,-1,-1,-1
143,101,237.07,486.46,474.75,221.43,0.91,-1,-1,-1
143,100,482.80,417.66,389.78,154.48,0.90,-1,-1,-1
144,100,775.87,362.41,344.09,202.38,0.95,-1,-1,-1
144,99,93.52,225.72,99.05,78.47,0.94,-1,-1,-1
145,99,93.58,225.47,98.77,78.62,0.95,-1,-1,-1
145,102,483.02,427.57,391.66,276.97,0.94,-1,-1,-1
146,100,1037.76,396.77,242.24,162.32,0.95,-1,-1,-1
146,103,258.07,170.87,49.72,37.82,0.94,-1,-1,-1
146,102,168.60,207.23,74.85,52.30,0.93,-1,-1,-1
146,99,8.18,233.72,145.45,85.29,0.93,-1,-1,-1
147,104,872.04,292.80,170.90,104.07,0.97,-1,-1,-1
147,102,128.20,222.83,85.39,58.81,0.95,-1,-1,-1
147,103,235.63,180.36,56.06,41.79,0.95,-1,-1,-1
147,99,0.11,265.79,23.91,90.41,0.83,-1,-1,-1
148,102,54.23,243.36,111.02,68.05,0.96,-1,-1,-1
148,104,773.34,237.65,113.94,71.19,0.95,-1,-1,-1
148,103,211.54,191.24,61.78,46.51,0.94,-1,-1,-1
149,103,179.71,204.10,70.88,52.34,0.96,-1,-1,-1
149,104,712.49,200.63,82.34,55.33,0.95,-1,-1,-1
149,105,959.17,588.04,320.83,129.83,0.93,-1,-1,-1
149,102,0.10,273.23,57.88,78.20,0.83,-1,-1,-1
150,105,801.04,404.37,218.33,151.05,0.96,-1,-1,-1
150,103,131.79,219.83,86.36,61.35,0.95,-1,-1,-1
150,104,672.07,175.70,64.02,44.32,0.95,-1,-1,-1
151,103,51.20,240.82,113.74,67.93,0.96,-1,-1,-1
151,105,713.40,305.40,139.05,103.47,0.95,-1,-1,-1
151,104,643.77,157.76,51.97,36.48,0.94,-1,-1,-1
152,105,662.55,250.92,96.18,73.53,0.96,-1,-1,-1
152,104,622.39,143.75,44.53,31.55,0.93,-1,-1,-1
152,103,0.05,267.28,68.47,75.90,0.92,-1,-1,-1
153,105,626.56,211.69,76.54,57.79,0.95,-1,-1,-1
153,104,607.26,134.32,37.91,27.47,0.92,-1,-1,-1
154,106,915.62,236.01,123.74,70.02,0.95,-1,-1,-1
154,105,547.40,121.68,27.37,21.90,0.30,-1,-1,-1
155,106,796.46,189.92,78.04,49.40,0.95,-1,-1,-1
155,107,405.41,103.06,16.92,14.32,0.66,-1,-1,-1
156,107,161.55,204.79,79.14,62.41,0.96,-1,-1,-1
156,108,330.17,247.63,94.48,78.53,0.95,-1,-1,-1
156,109,362.72,144.17,38.58,33.48,0.93,-1,-1,-1
157,107,84.62,227.34,104.16,72.68,0.95,-1,-1,-1
157,109,341.84,156.02,46.08,40.92,0.93,-1,-1,-1
157,108,152.19,423.14,208.02,206.78,0.93,-1,-1,-1
158,109,271.04,199.08,72.84,68.24,0.94,-1,-1,-1
158,107,0.05,278.22,18.78,79.18,0.73,-1,-1,-1
159,109,194.63,244.19,106.31,87.68,0.96,-1,-1,-1
160,109,33.16,324.66,172.13,151.17,0.96,-1,-1,-1
161,110,265.90,219.44,77.12,63.01,0.95,-1,-1,-1
161,111,395.57,109.85,17.31,14.26,0.73,-1,-1,-1
162,110,140.77,295.66,128.09,101.13,0.96,-1,-1,-1
162,111,388.43,112.59,18.26,15.89,0.89,-1,-1,-1
163,110,898.45,307.52,173.25,109.81,0.96,-1,-1,-1
163,111,241.41,179.82,53.12,41.70,0.95,-1,-1,-1
164,112,746.04,222.22,94.88,65.23,0.96,-1,-1,-1
164,111,218.85,189.49,58.90,45.99,0.96,-1,-1,-1
165,111,198.10,198.14,64.18,49.40,0.95,-1,-1,-1
165,112,672.99,179.40,63.45,45.41,0.95,-1,-1,-1
166,110,922.81,279.69,255.89,111.81,0.96,-1,-1,-1
166,111,105.90,233.30,90.06,64.56,0.96,-1,-1,-1
167,111,104.75,233.86,89.90,64.70,0.95,-1,-1,-1
167,113,485.31,291.49,259.41,117.68,0.95,-1,-1,-1
167,109,0.00,545.96,187.78,169.90,0.88,-1,-1,-1
168,113,298.45,275.34,276.07,139.06,0.95,-1,-1,-1
168,111,104.78,233.37,90.56,65.37,0.94,-1,-1,-1
168,114,364.56,147.01,35.44,29.50,0.93,-1,-1,-1
169,113,559.62,236.43,186.26,116.05,0.95,-1,-1,-1
169,111,104.79,233.65,90.99,65.27,0.94,-1,-1,-1
169,114,348.95,156.84,40.64,35.60,0.94,-1,-1,-1
170,113,697.72,212.77,115.89,92.06,0.95,-1,-1,-1
170,111,104.36,233.53,90.95,65.31,0.94,-1,-1,-1
170,114,330.50,170.35,47.01,39.49,0.94,-1,-1,-1
171,114,313.93,181.93,53.58,45.73,0.95,-1,-1,-1
171,113,734.44,193.85,75.56,75.77,0.95,-1,-1,-1
171,111,104.23,233.68,91.23,64.91,0.94,-1,-1,-1
171,115,0.15,351.40,59.30,177.19,0.84,-1,-1,-1
172,116,705.03,176.15,77.68,65.71,0.95,-1,-1,-1
172,114,299.64,193.49,59.42,49.74,0.94,-1,-1,-1
172,115,0.30,280.45,397.06,234.87,0.94,-1,-1,-1
172,111,103.77,233.43,90.98,55.93,0.93,-1,-1,-1
172,110,1163.81,288.68,116.10,101.49,0.93,-1,-1,-1
173,114,287.47,202.05,68.10,55.65,0.95,-1,-1,-1
173,117,1079.72,289.81,200.24,102.25,0.95,-1,-1,-1
173,116,679.74,161.86,67.25,59.23,0.94,-1,-1,-1
173,111,104.46,233.69,90.66,64.30,0.94,-1,-1,-1
173,115,249.63,256.41,373.34,213.49,0.94,-1,-1,-1
174,114,276.40,212.12,67.21,58.10,0.96,-1,-1,-1
174,117,1011.78,290.84,267.86,103.53,0.95,-1,-1,-1
174,115,486.97,228.63,311.70,191.19,0.95,-1,-1,-1
174,111,104.71,233.40,90.38,65.14,0.94,-1,-1,-1
174,116,656.02,152.82,60.76,50.89,0.94,-1,-1,-1
175,117,948.10,295.07,269.25,101.18,0.96,-1,-1,-1
175,114,265.81,217.42,70.88,63.48,0.95,-1,-1,-1
175,115,678.92,209.04,217.79,162.23,0.95,-1,-1,-1
175,111,104.65,232.92,90.54,65.62,0.95,-1,-1,-1
175,116,638.56,143.59,51.32,45.53,0.94,-1,-1,-1
176,117,798.93,294.81,272.48,106.85,0.97,-1,-1,-1
176,114,259.28,224.02,73.93,63.20,0.95,-1,-1,-1
176,111,104.67,232.93,90.31,65.07,0.94,-1,-1,-1
176,115,789.70,190.20,128.99,134.28,0.94,-1,-1,-1
176,116,623.08,135.85,45.30,40.78,0.94,-1,-1,-1
177,114,256.17,226.44,75.36,64.62,0.97,-1,-1,-1
177,117,514.73,301.89,278.16,109.69,0.96,-1,-1,-1
177,111,105.13,233.09,90.00,65.32,0.94,-1,-1,-1
177,115,813.78,173.59,94.09,115.37,0.94,-1,-1,-1
177,116,611.99,129.50,39.91,36.83,0.94,-1,-1,-1
178,117,119.34,317.39,278.96,110.73,0.96,-1,-1,-1
178,114,255.73,227.87,75.10,64.18,0.95,-1,-1,-1
178,111,104.27,233.94,90.85,64.74,0.94,-1,-1,-1
178,118,788.49,159.48,91.10,96.64,0.94,-1,-1,-1
178,116,600.82,124.65,37.01,33.53,0.93,-1,-1,-1
179,114,255.82,228.00,74.57,64.21,0.95,-1,-1,-1
179,111,104.23,233.69,90.45,64.68,0.95,-1,-1,-1
179,117,25.58,335.16,350.06,165.94,0.94,-1,-1,-1
179,118,761.70,147.41,78.73,81.33,0.94,-1,-1,-1
179,116,591.15,120.34,33.20,30.70,0.92,-1,-1,-1
180,118,379.32,286.73,254.93,136.46,0.95,-1,-1,-1
180,113,736.21,137.44,66.59,70.50,0.95,-1,-1,-1
180,114,255.51,227.84,75.29,64.61,0.95,-1,-1,-1
180,111,104.12,233.79,90.50,65.24,0.94,-1,-1,-1
180,116,583.24,116.19,29.75,28.10,0.91,-1,-1,-1
181,119,570.63,247.04,158.80,113.72,0.95,-1,-1,-1
181,114,255.65,227.83,75.22,64.36,0.95,-1,-1,-1
181,111,104.11,233.54,90.87,65.19,0.94,-1,-1,-1
181,120,714.18,129.50,56.80,62.15,0.94,-1,-1,-1
181,116,576.61,111.68,26.71,26.21,0.91,-1,-1,-1
182,114,255.70,227.45,75.06,64.63,0.96,-1,-1,-1
182,111,104.57,233.20,90.25,65.28,0.95,-1,-1,-1
182,119,640.73,223.99,96.39,93.18,0.94,-1,-1,-1
182,120,693.95,123.00,49.67,55.69,0.90,-1,-1,-1
182,116,570.18,108.28,24.91,24.15,0.87,-1,-1,-1
183,114,255.97,227.47,75.09,64.58,0.95,-1,-1,-1
183,111,104.54,233.00,90.63,65.63,0.95,-1,-1,-1
183,119,625.17,201.96,92.05,79.33,0.94,-1,-1,-1
183,120,678.48,117.23,43.69,50.30,0.89,-1,-1,-1
183,116,567.29,105.30,21.69,22.66,0.87,-1,-1,-1
184,114,155.60,290.61,117.35,95.77,0.96,-1,-1,-1
184,119,576.04,113.69,28.77,27.93,0.70,-1,-1,-1
184,118,0.06,284.63,21.20,77.14,0.64,-1,-1,-1
185,114,70.12,341.55,152.41,124.62,0.96,-1,-1,-1
185,119,569.62,110.16,25.47,26.04,0.56,-1,-1,-1
186,121,1013.90,379.49,266.10,171.40,0.95,-1,-1,-1
186,119,561.87,104.67,21.31,22.55,0.54,-1,-1,-1
187,121,867.87,288.79,168.79,116.46,0.96,-1,-1,-1
188,121,776.72,235.81,117.11,84.67,0.95,-1,-1,-1
189,121,714.19,201.60,89.00,66.31,0.94,-1,-1,-1
190,121,672.86,176.96,69.09,52.64,0.95,-1,-1,-1
191,121,642.84,159.37,55.99,43.30,0.95,-1,-1,-1
192,122,601.55,332.47,160.03,94.99,0.95,-1,-1,-1
192,123,177.91,290.40,22.21,18.98,0.91,-1,-1,-1
192,124,202.95,284.50,18.64,16.93,0.76,-1,-1,-1
193,122,159.68,304.38,66.39,70.73,0.92,-1,-1,-1
193,123,178.16,290.44,21.79,17.14,0.89,-1,-1,-1
193,124,200.47,284.46,21.47,17.41,0.78,-1,-1,-1
194,125,661.61,374.84,246.92,131.17,0.96,-1,-1,-1
194,123,178.01,290.28,22.34,18.72,0.91,-1,-1,-1
194,126,239.44,288.78,29.36,26.77,0.84,-1,-1,-1
194,124,203.33,284.31,19.02,16.85,0.73,-1,-1,-1
195,125,449.09,307.66,66.93,43.95,0.94,-1,-1,-1
195,123,177.95,290.29,22.40,18.71,0.91,-1,-1,-1
195,126,219.36,293.74,37.69,35.08,0.85,-1,-1,-1
195,124,203.33,284.43,18.49,16.69,0.64,-1,-1,-1
196,126,186.44,303.98,54.89,46.73,0.90,-1,-1,-1
196,123,177.99,290.46,22.76,18.42,0.90,-1,-1,-1
196,125,396.67,292.58,36.09,25.37,0.89,-1,-1,-1
196,124,202.96,284.48,18.99,16.87,0.74,-1,-1,-1
197,126,118.31,320.03,88.08,74.40,0.93,-1,-1,-1
197,123,177.89,290.40,22.71,18.54,0.90,-1,-1,-1
197,125,373.73,284.80,25.46,19.25,0.79,-1,-1,-1
197,124,203.31,284.42,19.64,16.63,0.74,-1,-1,-1
198,127,530.50,332.17,124.38,71.93,0.95,-1,-1,-1
198,123,178.01,290.32,22.20,18.56,0.91,-1,-1,-1
198,124,203.10,284.28,19.21,16.74,0.74,-1,-1,-1
199,128,571.50,340.58,144.09,78.87,0.96,-1,-1,-1
199,127,413.01,290.48,34.72,24.69,0.93,-1,-1,-1
199,123,177.91,290.41,22.30,18.54,0.91,-1,-1,-1
199,124,203.27,284.35,19.22,16.76,0.70,-1,-1,-1
200,128,461.17,309.92,67.50,43.10,0.93,-1,-1,-1
200,123,177.99,290.37,22.22,18.60,0.91,-1,-1,-1
200,127,395.76,284.61,25.92,19.40,0.77,-1,-1,-1
200,124,203.27,284.34,19.34,16.80,0.69,-1,-1,-1
201,123,178.11,290.19,22.15,18.70,0.92,-1,-1,-1
201,126,32.12,335.23,130.36,113.87,0.92,-1,-1,-1
201,124,202.42,284.27,19.25,16.78,0.82,-1,-1,-1
202,129,824.38,347.58,155.49,70.87,0.95,-1,-1,-1
202,123,178.04,289.99,22.05,18.72,0.90,-1,-1,-1
202,124,203.24,284.35,18.24,16.78,0.77,-1,-1,-1
203,129,672.11,321.37,100.92,48.31,0.96,-1,-1,-1
203,123,178.09,290.05,22.10,18.61,0.88,-1,-1,-1
203,124,202.72,284.54,18.79,18.13,0.48,-1,-1,-1
204,129,570.66,331.42,120.62,68.36,0.97,-1,-1,-1
204,123,177.98,290.06,21.86,19.02,0.92,-1,-1,-1
204,124,202.12,284.40,20.06,16.60,0.74,-1,-1,-1
205,130,162.41,305.20,62.82,55.75,0.94,-1,-1,-1
205,123,178.02,290.15,21.80,17.79,0.89,-1,-1,-1
205,131,237.57,291.05,29.98,24.06,0.87,-1,-1,-1
205,124,201.97,284.29,19.34,16.80,0.75,-1,-1,-1
206,130,101.79,320.62,93.61,85.86,0.95,-1,-1,-1
206,123,178.34,290.22,22.01,18.63,0.91,-1,-1,-1
206,131,226.66,294.40,34.36,27.94,0.87,-1,-1,-1
206,124,203.18,284.29,18.88,16.73,0.70,-1,-1,-1
207,130,0.00,352.41,143.16,158.08,0.95,-1,-1,-1
207,123,178.40,290.12,22.05,18.72,0.91,-1,-1,-1
207,131,212.84,299.85,42.22,32.01,0.89,-1,-1,-1
207,124,202.63,284.38,18.86,16.74,0.77,-1,-1,-1
208,131,196.15,304.81,48.72,39.66,0.92,-1,-1,-1
208,123,178.44,290.17,21.92,18.64,0.91,-1,-1,-1
208,132,1160.38,479.90,119.32,144.99,0.90,-1,-1,-1
208,124,202.44,284.40,19.24,16.66,0.81,-1,-1,-1
208,130,0.00,436.29,46.86,257.94,0.54,-1,-1,-1
209,132,701.59,342.14,181.84,102.14,0.97,-1,-1,-1
209,123,178.46,290.10,22.06,18.74,0.91,-1,-1,-1
209,131,171.72,314.11,61.66,48.12,0.88,-1,-1,-1
209,124,203.06,283.84,19.20,17.21,0.66,-1,-1,-1
210,132,546.83,309.49,89.42,55.98,0.97,-1,-1,-1
210,131,140.61,321.89,77.12,65.39,0.93,-1,-1,-1
210,123,178.42,290.26,22.01,18.52,0.91,-1,-1,-1
210,124,202.77,284.32,19.31,16.70,0.76,-1,-1,-1
211,131,99.68,334.64,100.97,85.74,0.94,-1,-1,-1
211,132,477.08,296.35,55.77,38.73,0.92,-1,-1,-1
211,123,178.35,290.22,22.14,18.72,0.91,-1,-1,-1
211,124,202.78,284.27,19.28,16.67,0.76,-1,-1,-1
212,131,48.06,352.49,129.75,112.14,0.95,-1,-1,-1
212,132,439.59,289.13,40.33,29.87,0.93,-1,-1,-1
212,123,178.48,290.18,21.99,18.74,0.91,-1,-1,-1
212,124,202.65,284.30,19.36,16.75,0.75,-1,-1,-1
213,131,0.00,375.04,152.43,154.26,0.93,-1,-1,-1
213,123,178.37,290.13,22.10,18.74,0.91,-1,-1,-1
213,132,416.69,284.38,31.17,25.16,0.89,-1,-1,-1
213,124,202.57,284.22,19.76,16.71,0.79,-1,-1,-1
214,133,164.71,307.25,52.02,39.12,0.92,-1,-1,-1
214,123,178.44,290.45,22.31,17.69,0.90,-1,-1,-1
214,124,202.65,284.35,19.50,16.63,0.77,-1,-1,-1
214,131,0.00,490.23,45.50,184.93,0.67,-1,-1,-1
214,132,361.64,277.24,13.65,10.51,0.44,-1,-1,-1
215,133,100.10,320.86,73.62,51.01,0.94,-1,-1,-1
215,123,178.37,290.13,22.12,18.81,0.91,-1,-1,-1
215,124,202.75,284.31,19.62,16.61,0.77,-1,-1,-1
215,131,0.00,488.97,44.25,186.35,0.75,-1,-1,-1
215,132,357.67,276.64,14.52,10.44,0.55,-1,-1,-1
216,133,11.74,340.23,102.04,73.02,0.94,-1,-1,-1
216,123,178.19,290.18,22.35,18.82,0.92,-1,-1,-1
216,124,202.67,284.50,18.83,16.41,0.82,-1,-1,-1
216,134,0.00,483.38,43.64,185.99,0.77,-1,-1,-1
217,134,788.23,407.45,369.15,207.68,0.93,-1,-1,-1
217,123,178.25,290.25,21.82,18.73,0.92,-1,-1,-1
217,124,202.29,284.42,18.74,16.72,0.68,-1,-1,-1
218,134,514.70,323.01,124.11,80.10,0.96,-1,-1,-1
218,123,178.28,290.26,21.76,18.72,0.92,-1,-1,-1
218,124,202.27,284.62,18.93,16.56,0.70,-1,-1,-1
218,135,234.87,283.61,18.31,15.14,0.52,-1,-1,-1
219,135,630.68,337.49,227.76,164.68,0.95,-1,-1,-1
219,124,202.79,284.34,18.07,16.53,0.83,-1,-1,-1
219,134,361.96,281.12,22.79,18.57,0.80,-1,-1,-1
219,123,170.08,294.46,36.74,30.26,0.69,-1,-1,-1
220,135,487.15,306.83,99.33,83.99,0.96,-1,-1,-1
220,136,178.30,290.18,21.76,18.83,0.91,-1,-1,-1
220,137,124.76,301.03,55.74,34.61,0.87,-1,-1,-1
220,138,239.34,284.63,24.94,30.23,0.73,-1,-1,-1
220,134,353.39,278.61,19.91,15.59,0.65,-1,-1,-1
220,124,202.63,284.43,18.24,16.63,0.62,-1,-1,-1
221,139,810.11,345.45,189.72,192.75,0.93,-1,-1,-1
221,140,613.37,38.71,27.61,20.13,0.89,-1,-1,-1
221,141,1117.35,332.23,162.65,333.98,0.88,-1,-1,-1
221,142,653.85,22.70,25.01,18.85,0.68,-1,-1,-1
222,139,796.39,224.34,121.12,118.11,0.94,-1,-1,-1
222,141,1030.33,232.90,222.34,207.31,0.93,-1,-1,-1
222,140,612.93,38.40,27.56,20.16,0.90,-1,-1,-1
222,142,654.55,22.42,24.55,18.99,0.72,-1,-1,-1
223,139,790.62,158.06,85.87,77.54,0.96,-1,-1,-1
223,143,824.19,403.27,229.94,248.92,0.94,-1,-1,-1
223,141,973.89,170.58,150.76,151.13,0.93,-1,-1,-1
223,140,613.44,37.72,27.56,20.54,0.88,-1,-1,-1
223,142,655.33,22.38,24.22,18.51,0.70,-1,-1,-1
224,141,934.66,130.11,109.83,113.80,0.95,-1,-1,-1
224,139,791.00,116.50,64.66,57.23,0.94,-1,-1,-1
224,143,814.69,240.77,128.68,125.31,0.94,-1,-1,-1
224,140,613.51,37.90,27.67,20.70,0.88,-1,-1,-1
224,142,656.16,22.54,24.03,18.36,0.75,-1,-1,-1
225,143,805.05,157.48,88.44,78.18,0.95,-1,-1,-1
225,141,906.34,100.90,82.98,88.22,0.95,-1,-1,-1
225,139,791.19,86.66,49.33,43.99,0.94,-1,-1,-1
225,140,613.58,38.32,27.24,20.05,0.90,-1,-1,-1
225,144,734.55,28.78,19.33,17.94,0.71,-1,-1,-1
225,142,655.59,22.59,23.64,18.86,0.49,-1,-1,-1
226,141,891.20,82.39,65.37,71.96,0.94,-1,-1,-1
226,143,801.77,116.33,66.60,57.95,0.93,-1,-1,-1
226,139,790.86,69.46,41.45,35.74,0.91,-1,-1,-1
226,140,613.72,38.66,28.24,19.85,0.89,-1,-1,-1
226,145,669.71,23.32,31.65,38.91,0.84,-1,-1,-1
226,144,725.81,36.02,24.85,20.94,0.84,-1,-1,-1
226,142,655.76,24.41,17.21,17.47,0.29,-1,-1,-1
227,141,875.67,67.79,52.88,58.84,0.94,-1,-1,-1
227,143,799.63,87.15,52.39,45.00,0.93,-1,-1,-1
227,146,973.31,331.99,226.47,227.22,0.92,-1,-1,-1
227,139,790.63,56.48,33.98,29.05,0.90,-1,-1,-1
227,142,647.84,25.57,37.85,48.80,0.86,-1,-1,-1
227,140,613.72,38.68,27.69,20.15,0.85,-1,-1,-1
227,145,734.81,28.06,18.04,14.68,0.66,-1,-1,-1
228,141,865.79,56.89,44.42,50.80,0.93,-1,-1,-1
228,145,618.10,37.73,47.48,53.90,0.93,-1,-1,-1
228,146,841.11,136.91,82.26,96.61,0.92,-1,-1,-1
228,143,797.96,68.76,39.63,35.46,0.90,-1,-1,-1
228,147,724.98,34.86,20.96,17.99,0.83,-1,-1,-1
228,139,790.77,47.54,28.70,23.87,0.81,-1,-1,-1
228,148,656.81,22.51,23.06,18.59,0.59,-1,-1,-1
229,142,620.18,105.81,67.90,60.25,0.94,-1,-1,-1
229,145,577.92,49.29,60.39,68.71,0.94,-1,-1,-1
229,146,807.72,86.69,47.33,56.48,0.92,-1,-1,-1
229,143,795.88,56.30,33.92,28.05,0.87,-1,-1,-1
229,141,856.40,42.80,37.39,49.40,0.83,-1,-1,-1
229,139,789.77,39.97,25.66,21.05,0.77,-1,-1,-1
229,148,654.49,23.10,24.61,19.00,0.72,-1,-1,-1
230,142,431.42,219.74,154.77,147.71,0.95,-1,-1,-1
230,145,504.93,67.08,87.60,95.96,0.95,-1,-1,-1
230,149,612.35,38.72,28.29,20.26,0.87,-1,-1,-1
230,146,798.34,60.84,34.36,40.99,0.87,-1,-1,-1
230,141,849.19,41.27,32.42,38.73,0.84,-1,-1,-1
230,150,680.98,39.00,18.34,19.71,0.67,-1,-1,-1
230,148,653.78,22.72,25.13,19.25,0.55,-1,-1,-1
230,143,794.88,46.24,27.04,22.74,0.50,-1,-1,-1
230,139,789.79,33.80,23.14,17.87,0.26,-1,-1,-1
231,151,651.37,86.88,44.19,41.66,0.94,-1,-1,-1
231,145,356.25,107.93,147.25,148.75,0.94,-1,-1,-1
231,150,648.48,53.69,34.19,26.61,0.92,-1,-1,-1
231,149,613.26,39.16,27.54,20.18,0.89,-1,-1,-1
231,141,843.38,32.96,28.35,36.94,0.73,-1,-1,-1
231,148,654.02,23.30,24.74,18.61,0.69,-1,-1,-1
231,146,794.35,41.18,26.97,38.34,0.43,-1,-1,-1
231,139,789.98,29.10,20.20,16.44,0.43,-1,-1,-1
232,151,565.22,146.22,83.10,72.92,0.96,-1,-1,-1
232,150,591.89,80.60,50.54,38.54,0.94,-1,-1,-1
232,145,2.16,214.59,265.62,346.68,0.93,-1,-1,-1
232,149,612.01,39.07,28.39,20.53,0.88,-1,-1,-1
232,148,653.25,23.72,25.06,18.73,0.69,-1,-1,-1
232,141,837.28,28.49,25.72,33.29,0.69,-1,-1,-1
232,146,792.43,41.49,21.64,22.77,0.29,-1,-1,-1
233,150,470.99,139.95,90.37,67.45,0.96,-1,-1,-1
233,151,198.66,370.19,263.77,268.77,0.93,-1,-1,-1
233,149,613.08,38.24,27.64,20.32,0.87,-1,-1,-1
233,152,670.61,64.68,26.32,38.92,0.83,-1,-1,-1
233,148,653.87,22.91,25.01,18.77,0.68,-1,-1,-1
233,139,806.13,27.44,16.98,15.17,0.61,-1,-1,-1
233,141,832.82,21.96,22.80,32.20,0.56,-1,-1,-1
233,153,724.21,23.29,17.14,13.72,0.54,-1,-1,-1
233,146,791.42,32.11,18.75,20.61,0.53,-1,-1,-1
233,154,703.36,25.69,15.40,15.69,0.51,-1,-1,-1
234,152,611.34,96.38,68.40,62.42,0.94,-1,-1,-1
234,150,0.43,369.10,287.35,254.84,0.94,-1,-1,-1
234,149,612.50,38.18,27.46,20.34,0.86,-1,-1,-1
234,148,654.01,22.94,24.46,18.64,0.57,-1,-1,-1
234,154,729.24,33.11,22.18,17.40,0.56,-1,-1,-1
234,141,827.81,22.24,20.57,26.00,0.40,-1,-1,-1
234,146,789.98,25.91,16.70,18.39,0.32,-1,-1,-1
235,152,448.34,193.95,148.27,115.75,0.96,-1,-1,-1
235,149,612.96,38.65,27.81,20.32,0.88,-1,-1,-1
235,154,674.28,35.66,24.09,22.15,0.80,-1,-1,-1
235,148,654.77,23.33,24.23,18.41,0.64,-1,-1,-1
235,146,790.52,19.11,15.29,19.25,0.58,-1,-1,-1
235,141,824.57,20.17,18.78,23.27,0.38,-1,-1,-1
236,155,618.62,105.70,65.86,50.47,0.97,-1,-1,-1
236,154,489.30,110.54,81.09,64.54,0.96,-1,-1,-1
236,156,515.72,173.80,109.66,89.10,0.96,-1,-1,-1
236,149,613.01,38.68,27.90,20.16,0.88,-1,-1,-1
236,148,655.42,23.08,24.29,18.79,0.62,-1,-1,-1
237,155,487.03,188.60,125.48,97.94,0.96,-1,-1,-1
237,154,264.93,194.12,163.38,126.20,0.95,-1,-1,-1
237,152,0.14,521.26,340.55,192.03,0.94,-1,-1,-1
237,149,613.16,38.47,27.64,20.38,0.86,-1,-1,-1
237,148,655.64,23.17,24.19,18.81,0.59,-1,-1,-1
238,157,826.00,220.01,140.92,152.10,0.93,-1,-1,-1
238,149,612.32,38.23,27.97,20.21,0.89,-1,-1,-1
238,148,653.77,22.98,24.88,18.37,0.64,-1,-1,-1
239,157,808.58,113.42,65.97,71.60,0.94,-1,-1,-1
239,149,612.60,38.23,28.17,20.42,0.89,-1,-1,-1
239,158,732.32,25.95,18.90,16.29,0.61,-1,-1,-1
239,148,654.00,23.06,24.92,18.57,0.52,-1,-1,-1
240,158,1041.48,373.15,238.52,193.36,0.94,-1,-1,-1
240,157,802.60,72.39,42.43,46.37,0.91,-1,-1,-1
240,149,613.08,38.46,27.33,20.12,0.90,-1,-1,-1
240,148,654.47,22.86,24.10,18.90,0.37,-1,-1,-1
241,158,909.28,158.28,91.22,77.77,0.96,-1,-1,-1
241,149,613.81,38.71,27.78,20.03,0.90,-1,-1,-1
241,157,800.83,52.10,31.54,34.25,0.86,-1,-1,-1
241,148,654.88,22.81,24.08,18.84,0.42,-1,-1,-1
242,158,865.81,96.18,54.28,47.97,0.93,-1,-1,-1
242,149,613.71,39.18,27.91,19.77,0.89,-1,-1,-1
242,157,800.03,40.78,25.20,26.58,0.82,-1,-1,-1
242,148,655.70,23.61,23.58,18.81,0.51,-1,-1,-1
243,159,589.53,122.52,75.17,69.18,0.95,-1,-1,-1
243,160,618.83,58.42,44.71,42.71,0.94,-1,-1,-1
243,149,614.52,38.49,28.00,20.35,0.88,-1,-1,-1
243,158,827.78,39.59,23.59,20.78,0.81,-1,-1,-1
243,148,656.35,22.85,24.18,18.92,0.74,-1,-1,-1
244,160,548.92,83.64,66.36,61.92,0.96,-1,-1,-1
244,159,353.73,257.79,186.43,182.35,0.94,-1,-1,-1
244,149,613.43,38.29,27.89,20.23,0.89,-1,-1,-1
244,158,820.91,31.19,19.68,17.30,0.77,-1,-1,-1
244,148,655.28,22.78,24.36,19.03,0.67,-1,-1,-1
244,157,794.35,16.91,14.04,14.66,0.45,-1,-1,-1
245,160,421.33,129.29,110.40,99.84,0.95,-1,-1,-1
245,149,613.08,38.19,28.18,20.39,0.88,-1,-1,-1
245,158,816.57,25.89,17.24,15.63,0.71,-1,-1,-1
245,148,654.93,22.71,24.60,19.15,0.68,-1,-1,-1
245,157,792.37,15.24,12.73,13.08,0.28,-1,-1,-1
246,160,0.00,273.44,294.31,258.59,0.94,-1,-1,-1
246,149,613.16,38.59,28.10,20.31,0.86,-1,-1,-1
246,148,654.90,23.06,24.47,19.10,0.68,-1,-1,-1
246,161,733.58,23.44,18.93,16.51,0.65,-1,-1,-1
246,158,813.47,22.63,15.18,13.10,0.46,-1,-1,-1
246,157,792.02,12.51,11.66,12.83,0.34,-1,-1,-1
247,161,511.53,151.80,107.76,89.17,0.96,-1,-1,-1
247,149,613.12,38.47,28.29,20.12,0.86,-1,-1,-1
247,148,654.54,22.87,24.80,19.08,0.72,-1,-1,-1
248,162,1053.04,349.02,226.25,241.64,0.94,-1,-1,-1
248,161,0.00,517.62,200.98,199.19,0.92,-1,-1,-1
248,149,613.31,38.39,28.04,20.21,0.88,-1,-1,-1
248,148,654.62,22.92,25.08,19.15,0.65,-1,-1,-1
249,162,942.76,192.91,130.16,116.63,0.95,-1,-1,-1
249,149,612.98,38.56,28.42,20.32,0.89,-1,-1,-1
249,148,654.17,23.48,25.00,18.61,0.69,-1,-1,-1
250,162,892.41,128.21,82.04,77.00,0.95,-1,-1,-1
250,149,612.65,37.69,28.25,20.41,0.88,-1,-1,-1
250,148,654.50,22.95,24.24,18.16,0.77,-1,-1,-1
251,162,868.00,93.85,58.27,55.63,0.94,-1,-1,-1
251,149,613.86,36.81,27.83,20.95,0.86,-1,-1,-1
251,163,677.22,30.97,21.94,25.38,0.79,-1,-1,-1
251,148,655.74,22.84,23.73,18.09,0.67,-1,-1,-1
252,162,856.22,74.58,46.31,44.59,0.94,-1,-1,-1
252,163,663.01,38.02,27.08,28.96,0.91,-1,-1,-1
252,164,814.30,332.25,207.53,225.32,0.90,-1,-1,-1
252,149,613.32,38.31,27.94,20.07,0.88,-1,-1,-1
252,148,655.45,23.07,23.20,17.85,0.61,-1,-1,-1
253,164,804.08,144.32,81.59,82.81,0.93,-1,-1,-1
253,163,640.19,47.23,33.42,34.55,0.91,-1,-1,-1
253,162,847.83,61.03,37.84,36.98,0.90,-1,-1,-1
253,149,612.89,38.12,27.46,20.52,0.81,-1,-1,-1
253,148,653.92,23.14,24.67,18.28,0.62,-1,-1,-1
254,163,550.10,81.28,57.60,58.77,0.95,-1,-1,-1
254,149,612.94,38.34,28.47,20.20,0.88,-1,-1,-1
254,164,792.09,59.11,35.44,35.05,0.88,-1,-1,-1
254,162,834.81,42.71,27.67,27.39,0.85,-1,-1,-1
254,148,653.97,23.08,24.94,18.48,0.71,-1,-1,-1
255,163,458.78,115.32,84.52,83.60,0.96,-1,-1,-1
255,149,613.03,38.33,28.43,20.12,0.89,-1,-1,-1
255,162,830.68,37.51,23.89,23.80,0.79,-1,-1,-1
255,148,654.74,22.83,24.86,18.95,0.68,-1,-1,-1
255,164,791.19,43.91,28.56,29.45,0.52,-1,-1,-1
256,163,242.94,192.21,157.58,146.45,0.94,-1,-1,-1
256,149,613.26,38.53,28.17,20.14,0.88,-1,-1,-1
256,148,654.62,23.00,25.21,19.06,0.73,-1,-1,-1
256,162,826.64,32.51,21.07,21.28,0.65,-1,-1,-1
257,165,579.32,118.87,73.64,58.97,0.96,-1,-1,-1
257,149,613.63,38.69,27.64,19.98,0.91,-1,-1,-1
257,148,655.04,22.72,24.56,19.24,0.72,-1,-1,-1
258,165,538.26,141.27,92.35,74.97,0.95,-1,-1,-1
258,149,613.59,38.72,27.63,20.17,0.89,-1,-1,-1
258,148,655.73,22.72,24.58,19.28,0.74,-1,-1,-1
259,165,497.29,165.79,110.20,85.98,0.96,-1,-1,-1
259,149,612.56,38.59,27.96,20.53,0.89,-1,-1,-1
259,148,653.74,23.10,25.01,18.95,0.71,-1,-1,-1
259,166,886.38,46.02,28.30,21.50,0.59,-1,-1,-1
260,165,423.59,204.98,143.64,110.97,0.96,-1,-1,-1
260,149,612.39,38.28,28.75,20.29,0.89,-1,-1,-1
260,148,653.41,23.19,24.71,18.54,0.58,-1,-1,-1
261,165,403.22,215.57,153.89,118.75,0.96,-1,-1,-1
261,149,612.94,38.68,28.39,19.92,0.90,-1,-1,-1
261,148,653.32,23.09,24.72,18.66,0.60,-1,-1,-1
262,165,392.60,221.93,157.99,122.87,0.96,-1,-1,-1
262,149,612.67,38.92,27.69,19.63,0.91,-1,-1,-1
262,148,653.55,22.61,24.80,19.13,0.74,-1,-1,-1
262,167,885.79,46.47,29.26,20.87,0.65,-1,-1,-1
263,165,385.90,224.69,161.20,126.67,0.96,-1,-1,-1
263,149,613.12,38.84,27.51,19.90,0.90,-1,-1,-1
263,148,654.70,22.50,24.33,19.25,0.73,-1,-1,-1
264,165,381.54,226.62,163.93,127.86,0.96,-1,-1,-1
264,149,613.60,39.13,27.32,19.84,0.90,-1,-1,-1
264,148,655.26,22.91,24.13,18.86,0.79,-1,-1,-1
265,165,376.00,229.58,168.70,130.09,0.98,-1,-1,-1
265,149,613.19,38.83,28.07,19.91,0.90,-1,-1,-1
265,148,655.68,23.10,23.91,18.69,0.73,-1,-1,-1
265,168,737.46,26.59,17.05,15.28,0.56,-1,-1,-1
266,165,330.02,254.25,187.81,147.28,0.96,-1,-1,-1
266,149,613.34,38.47,25.92,20.07,0.88,-1,-1,-1
266,168,627.54,46.50,35.93,40.85,0.87,-1,-1,-1
266,148,655.04,22.51,24.55,19.03,0.59,-1,-1,-1
267,165,253.71,295.06,225.03,181.17,0.94,-1,-1,-1
267,168,603.53,54.76,43.26,48.59,0.92,-1,-1,-1
267,148,653.93,23.01,25.37,18.95,0.59,-1,-1,-1
267,149,612.38,38.72,29.25,18.35,0.44,-1,-1,-1
268,168,570.56,67.61,51.65,56.54,0.94,-1,-1,-1
268,165,74.74,388.34,318.12,277.54,0.94,-1,-1,-1
268,149,612.00,38.59,27.85,20.54,0.88,-1,-1,-1
268,169,741.42,537.49,269.21,176.77,0.75,-1,-1,-1
268,148,653.19,22.85,25.07,18.90,0.45,-1,-1,-1
269,165,0.00,619.45,200.33,98.93,0.95,-1,-1,-1
269,168,525.15,82.32,65.31,70.70,0.94,-1,-1,-1
269,149,612.19,38.80,27.91,19.90,0.89,-1,-1,-1
269,169,752.03,299.45,176.82,233.07,0.69,-1,-1,-1
269,148,652.71,22.38,25.22,19.48,0.61,-1,-1,-1
269,170,884.84,45.52,28.89,21.44,0.51,-1,-1,-1
270,171,643.95,92.62,51.16,47.34,0.94,-1,-1,-1
270,168,452.88,102.36,86.72,97.86,0.94,-1,-1,-1
270,149,612.45,38.87,28.20,19.92,0.91,-1,-1,-1
270,170,885.29,45.18,28.62,21.77,0.70,-1,-1,-1
270,148,653.09,22.44,25.10,19.44,0.66,-1,-1,-1
271,171,593.40,127.04,71.45,63.50,0.95,-1,-1,-1
271,168,316.78,149.99,131.33,140.17,0.95,-1,-1,-1
271,149,612.36,39.20,28.20,20.07,0.90,-1,-1,-1
271,172,787.33,141.65,69.71,88.03,0.78,-1,-1,-1
271,170,885.19,45.97,27.84,21.17,0.69,-1,-1,-1
271,148,653.21,23.06,24.92,19.09,0.69,-1,-1,-1
272,172,791.09,101.52,52.22,69.47,0.96,-1,-1,-1
272,171,492.32,190.05,114.52,102.07,0.96,-1,-1,-1
272,168,0.00,255.01,249.39,261.63,0.92,-1,-1,-1
272,149,613.05,38.85,27.09,19.82,0.89,-1,-1,-1
272,148,654.14,22.72,25.05,19.27,0.64,-1,-1,-1
272,170,888.57,46.94,27.29,20.17,0.40,-1,-1,-1
273,171,198.24,366.51,253.52,240.84,0.95,-1,-1,-1
273,172,792.10,75.84,43.35,55.97,0.91,-1,-1,-1
273,149,613.89,38.83,28.10,19.83,0.88,-1,-1,-1
273,148,654.61,22.64,25.10,19.37,0.69,-1,-1,-1
273,170,888.13,45.79,30.27,21.86,0.26,-1,-1,-1
274,173,523.76,106.40,66.17,48.03,0.95,-1,-1,-1
274,174,630.34,52.71,38.41,30.23,0.91,-1,-1,-1
274,149,613.31,38.41,26.77,20.26,0.88,-1,-1,-1
274,172,792.37,24.22,16.23,13.53,0.82,-1,-1,-1
274,148,654.94,22.85,24.67,18.62,0.77,-1,-1,-1
274,170,887.52,45.85,26.93,20.91,0.42,-1,-1,-1
275,173,388.36,162.85,107.43,72.95,0.96,-1,-1,-1
275,174,594.97,66.87,48.10,37.20,0.93,-1,-1,-1
275,149,613.39,38.29,27.83,20.69,0.90,-1,-1,-1
275,148,654.80,23.21,24.85,18.83,0.72,-1,-1,-1
275,172,791.74,20.72,14.92,11.75,0.70,-1,-1,-1
275,170,887.28,46.49,26.79,20.66,0.36,-1,-1,-1
276,173,31.40,307.24,242.04,168.97,0.95,-1,-1,-1
276,174,538.39,88.39,63.71,49.13,0.94,-1,-1,-1
276,149,613.33,38.59,27.30,20.13,0.90,-1,-1,-1
276,148,654.47,23.20,24.89,18.89,0.71,-1,-1,-1
276,172,789.71,17.27,13.64,11.04,0.68,-1,-1,-1
276,170,889.22,47.96,24.52,19.14,0.30,-1,-1,-1
277,174,437.44,124.39,94.34,71.29,0.95,-1,-1,-1
277,149,613.17,38.54,27.82,20.29,0.90,-1,-1,-1
277,148,653.90,23.18,25.33,18.89,0.75,-1,-1,-1
277,170,887.11,46.67,26.55,20.50,0.55,-1,-1,-1
277,172,789.76,14.29,12.07,10.27,0.31,-1,-1,-1
278,174,226.88,200.36,165.98,122.39,0.96,-1,-1,-1
278,149,613.22,38.60,27.33,20.16,0.90,-1,-1,-1
278,148,653.40,23.46,25.56,18.62,0.77,-1,-1,-1
278,170,886.71,46.19,26.90,21.01,0.60,-1,-1,-1
279,175,822.36,279.44,152.97,196.14,0.93,-1,-1,-1
279,149,613.39,38.76,27.42,19.99,0.90,-1,-1,-1
279,148,654.18,23.36,24.70,18.74,0.69,-1,-1,-1
279,170,889.13,47.29,25.38,19.92,0.33,-1,-1,-1
280,175,806.66,148.32,78.06,93.84,0.94,-1,-1,-1
280,149,613.40,38.87,27.18,19.99,0.90,-1,-1,-1
280,148,654.09,24.22,26.05,18.23,0.54,-1,-1,-1
281,176,820.70,245.80,109.08,111.11,0.95,-1,-1,-1
281,177,615.41,92.22,60.50,57.07,0.95,-1,-1,-1
281,149,613.48,38.71,27.19,20.06,0.90,-1,-1,-1
281,148,654.22,23.05,24.92,18.98,0.63,-1,-1,-1
281,170,790.08,10.80,10.90,11.86,0.37,-1,-1,-1
282,177,488.98,169.23,111.49,101.82,0.96,-1,-1,-1
282,176,806.39,133.18,61.23,56.22,0.95,-1,-1,-1
282,149,613.48,38.78,27.20,19.99,0.90,-1,-1,-1
282,148,653.86,23.01,25.36,19.06,0.59,-1,-1,-1
