2,1,590.85,89.85,67.43,61.75,0.90,-1,-1,-1
2,2,463.40,99.90,74.72,60.19,0.57,-1,-1,-1
3,2,429.02,111.38,85.50,71.38,0.79,-1,-1,-1
3,1,572.80,104.24,73.57,74.49,0.71,-1,-1,-1
4,1,535.08,128.37,91.48,100.21,0.91,-1,-1,-1
4,2,365.15,135.99,102.42,84.34,0.89,-1,-1,-1
5,1,456.47,167.31,129.51,135.98,0.92,-1,-1,-1
5,2,259.71,178.99,134.26,105.96,0.90,-1,-1,-1
6,1,248.17,282.29,240.35,239.13,0.91,-1,-1,-1
6,4,429.88,93.51,96.33,83.96,0.89,-1,-1,-1
6,3,541.84,125.75,89.51,85.29,0.89,-1,-1,-1
6,2,27.58,267.34,218.14,159.43,0.89,-1,-1,-1
7,4,370.94,110.94,114.52,102.74,0.93,-1,-1,-1
7,3,463.07,171.36,122.32,128.49,0.90,-1,-1,-1
7,5,527.38,79.38,65.20,50.11,0.89,-1,-1,-1
7,6,638.36,53.20,50.81,48.11,0.87,-1,-1,-1
8,1,241.60,295.17,239.58,231.03,0.94,-1,-1,-1
8,7,497.12,173.74,100.17,96.81,0.92,-1,-1,-1
8,4,290.33,135.21,146.79,128.09,0.92,-1,-1,-1
8,5,497.99,92.64,74.19,55.39,0.92,-1,-1,-1
8,6,625.20,67.55,55.89,47.02,0.80,-1,-1,-1
9,5,458.78,108.86,85.62,67.52,0.93,-1,-1,-1
9,3,335.16,284.66,172.52,171.59,0.88,-1,-1,-1
9,4,162.62,174.86,195.85,163.64,0.87,-1,-1,-1
9,6,608.86,78.76,61.51,50.91,0.82,-1,-1,-1
10,5,402.75,132.37,107.72,82.46,0.95,-1,-1,-1
10,4,0.00,252.20,218.16,246.45,0.93,-1,-1,-1
10,6,579.21,97.30,77.18,69.04,0.79,-1,-1,-1
11,5,316.89,167.96,139.40,100.36,0.93,-1,-1,-1
11,6,521.90,130.76,103.29,94.20,0.80,-1,-1,-1
12,5,176.59,225.39,196.33,138.45,0.93,-1,-1,-1
12,6,423.57,194.82,150.00,122.73,0.90,-1,-1,-1
13,6,119.09,365.46,317.53,287.62,0.93,-1,-1,-1
13,5,0.00,340.52,211.49,245.32,0.89,-1,-1,-1
17,10,231.34,174.87,161.64,121.72,0.92,-1,-1,-1
17,11,457.31,174.69,115.34,113.12,0.81,-1,-1,-1
17,9,896.14,177.88,107.59,103.01,0.69,-1,-1,-1
18,11,257.73,285.23,211.26,192.16,0.92,-1,-1,-1
18,10,0.18,292.40,185.92,206.60,0.89,-1,-1,-1
18,9,356.26,139.06,102.36,79.87,0.88,-1,-1,-1
19,9,139.12,221.54,173.24,132.31,0.85,-1,-1,-1
19,12,1125.20,583.44,154.69,135.34,0.65,-1,-1,-1
20,12,963.71,284.46,145.99,115.29,0.92,-1,-1,-1
20,15,520.02,139.91,92.73,85.34,0.92,-1,-1,-1
20,13,860.73,125.73,77.30,63.23,0.67,-1,-1,-1
21,15,380.93,224.66,157.09,136.10,0.92,-1,-1,-1
21,12,898.50,175.96,92.93,72.74,0.91,-1,-1,-1
22,15,0.59,486.90,301.33,228.62,0.93,-1,-1,-1
23,16,948.87,213.16,122.99,92.53,0.89,-1,-1,-1
24,12,897.99,144.05,81.51,60.52,0.79,-1,-1,-1
26,17,911.61,191.60,110.47,87.63,0.93,-1,-1,-1
26,18,619.54,125.96,86.48,75.61,0.87,-1,-1,-1
27,18,624.78,129.38,95.32,78.08,0.89,-1,-1,-1
27,17,868.24,130.14,74.69,68.82,0.85,-1,-1,-1
28,18,632.28,133.70,101.91,79.60,0.93,-1,-1,-1
28,19,971.76,258.25,139.85,113.22,0.92,-1,-1,-1
28,17,841.52,93.93,55.53,45.13,0.58,-1,-1,-1
29,18,643.23,136.24,107.00,83.38,0.94,-1,-1,-1
29,19,909.88,165.73,90.29,73.01,0.93,-1,-1,-1
30,18,653.40,139.47,116.61,87.46,0.92,-1,-1,-1
31,18,667.39,148.25,120.87,83.45,0.93,-1,-1,-1
31,20,960.74,257.43,133.21,107.83,0.92,-1,-1,-1
32,18,682.45,151.98,132.49,86.06,0.94,-1,-1,-1
32,21,365.46,134.49,115.48,88.00,0.92,-1,-1,-1
32,19,896.27,163.86,83.95,65.95,0.87,-1,-1,-1
33,18,730.40,167.45,148.67,90.24,0.94,-1,-1,-1
33,19,28.26,259.71,254.04,190.04,0.93,-1,-1,-1
34,18,821.56,188.61,170.08,95.00,0.94,-1,-1,-1
35,18,970.52,216.27,185.25,100.57,0.92,-1,-1,-1
36,18,1155.08,241.64,124.92,98.63,0.77,-1,-1,-1
37,22,771.08,121.58,120.05,64.28,0.91,-1,-1,-1
38,22,834.27,121.20,94.70,53.34,0.89,-1,-1,-1
39,23,975.10,298.85,164.61,134.34,0.89,-1,-1,-1
39,22,874.10,118.29,74.23,47.56,0.83,-1,-1,-1
40,23,914.70,198.59,110.43,88.42,0.83,-1,-1,-1
40,22,896.52,112.17,59.33,40.66,0.70,-1,-1,-1
42,24,940.62,235.41,124.51,93.91,0.92,-1,-1,-1
43,23,891.26,169.46,94.14,70.77,0.88,-1,-1,-1
44,23,851.06,129.91,74.16,57.44,0.31,-1,-1,-1
45,25,103.62,294.99,226.64,167.83,0.94,-1,-1,-1
46,25,0.00,189.05,130.40,115.22,0.93,-1,-1,-1
47,26,892.49,174.75,101.07,72.11,0.85,-1,-1,-1
48,27,71.66,306.39,231.77,158.57,0.88,-1,-1,-1
49,27,0.00,212.07,120.82,109.92,0.88,-1,-1,-1
51,28,11.29,284.44,183.30,143.09,0.93,-1,-1,-1
52,27,0.03,184.73,60.33,98.34,0.87,-1,-1,-1
52,29,909.23,205.36,116.09,95.84,0.61,-1,-1,-1
53,23,848.23,130.47,72.64,55.57,0.26,-1,-1,-1
54,30,79.96,258.33,196.42,135.00,0.93,-1,-1,-1
55,30,0.01,178.09,108.47,93.09,0.89,-1,-1,-1
56,31,140.61,270.60,214.72,128.40,0.91,-1,-1,-1
57,31,9.28,190.99,150.10,94.14,0.93,-1,-1,-1
58,32,910.82,218.29,138.74,105.54,0.54,-1,-1,-1
58,31,0.00,141.13,33.49,68.41,0.46,-1,-1,-1
62,34,878.64,180.68,115.08,94.88,0.93,-1,-1,-1
62,33,153.60,290.26,233.76,145.17,0.92,-1,-1,-1
63,33,9.85,207.14,161.15,104.07,0.96,-1,-1,-1
64,33,0.08,151.43,38.30,76.35,0.80,-1,-1,-1
69,35,931.53,246.91,212.35,144.44,0.91,-1,-1,-1
70,35,712.42,277.38,280.25,210.50,0.93,-1,-1,-1
71,35,394.89,361.69,399.95,330.77,0.90,-1,-1,-1
72,35,174.85,575.28,309.06,141.69,0.87,-1,-1,-1
73,36,1026.71,151.49,252.92,212.40,0.95,-1,-1,-1
74,36,852.24,156.84,427.76,261.94,0.90,-1,-1,-1
75,36,650.97,160.78,531.21,360.21,0.85,-1,-1,-1
76,36,409.98,314.23,532.69,392.09,0.59,-1,-1,-1
77,36,277.27,316.94,531.01,393.47,0.75,-1,-1,-1
78,36,0.00,408.20,448.36,302.45,0.66,-1,-1,-1
95,39,322.63,213.90,212.11,204.65,0.84,-1,-1,-1
96,36,0.00,422.51,372.57,290.60,0.91,-1,-1,-1
98,40,301.90,127.32,106.73,84.91,0.85,-1,-1,-1
99,43,450.84,151.49,129.29,142.39,0.89,-1,-1,-1
99,41,211.82,159.83,143.05,106.50,0.87,-1,-1,-1
99,42,474.53,104.12,79.58,52.57,0.84,-1,-1,-1
100,42,405.15,133.81,104.27,73.41,0.94,-1,-1,-1
100,43,262.32,241.47,219.80,230.52,0.90,-1,-1,-1
100,41,53.37,214.81,199.49,144.96,0.87,-1,-1,-1
101,42,305.59,175.02,141.61,97.31,0.95,-1,-1,-1
101,41,0.00,317.60,61.97,209.80,0.72,-1,-1,-1
102,42,133.51,249.50,210.05,147.62,0.93,-1,-1,-1
103,42,0.34,412.95,138.63,254.39,0.77,-1,-1,-1
104,45,279.17,294.49,216.55,188.06,0.85,-1,-1,-1
106,46,384.49,242.08,166.02,147.42,0.88,-1,-1,-1
109,47,1027.33,407.99,244.57,199.20,0.92,-1,-1,-1
111,48,860.62,254.77,139.15,112.39,0.92,-1,-1,-1
117,49,886.08,156.54,79.98,67.04,0.91,-1,-1,-1
122,50,914.93,195.64,119.77,98.99,0.91,-1,-1,-1
125,51,910.38,182.07,108.67,98.20,0.91,-1,-1,-1
128,52,912.92,164.80,92.49,77.14,0.85,-1,-1,-1
131,53,79.27,266.44,180.05,124.04,0.91,-1,-1,-1
132,53,0.29,190.31,125.88,89.42,0.91,-1,-1,-1
133,54,119.27,242.41,288.12,306.00,0.94,-1,-1,-1
133,53,0.06,138.68,31.87,67.37,0.44,-1,-1,-1
134,54,31.45,172.23,205.67,194.82,0.89,-1,-1,-1
135,54,0.10,113.91,107.12,152.94,0.84,-1,-1,-1
137,55,79.45,259.40,173.08,117.41,0.92,-1,-1,-1
138,55,0.34,181.91,112.35,78.68,0.92,-1,-1,-1
139,56,0.00,273.06,171.90,135.45,0.94,-1,-1,-1
139,55,0.07,132.78,22.57,59.50,0.77,-1,-1,-1
140,56,0.03,175.65,28.28,90.72,0.64,-1,-1,-1
141,57,936.51,212.31,126.04,100.89,0.90,-1,-1,-1
142,57,884.83,145.79,83.98,71.19,0.82,-1,-1,-1
144,58,980.70,288.02,173.70,137.51,0.96,-1,-1,-1
145,58,915.07,181.72,104.59,97.82,0.92,-1,-1,-1
146,58,879.37,133.75,76.17,67.00,0.54,-1,-1,-1
186,59,417.87,122.14,95.63,70.03,0.93,-1,-1,-1
187,59,347.49,153.40,120.79,87.51,0.90,-1,-1,-1
188,59,224.48,204.64,168.52,117.72,0.75,-1,-1,-1
189,59,0.88,300.35,257.33,177.32,0.94,-1,-1,-1
191,60,379.81,203.14,146.69,165.64,0.86,-1,-1,-1
192,60,139.26,330.25,266.07,282.13,0.92,-1,-1,-1
193,61,336.45,163.75,128.10,98.04,0.90,-1,-1,-1
193,62,548.97,133.60,85.60,74.54,0.87,-1,-1,-1
194,63,139.19,372.11,286.65,257.65,0.95,-1,-1,-1
194,62,592.70,90.33,66.51,60.14,0.91,-1,-1,-1
194,64,451.08,94.26,91.18,83.54,0.90,-1,-1,-1
194,61,175.97,230.66,190.82,136.07,0.90,-1,-1,-1
194,65,488.56,177.24,111.76,101.93,0.88,-1,-1,-1
195,64,394.60,110.89,114.31,98.81,0.92,-1,-1,-1
195,65,363.75,260.20,172.64,159.08,0.90,-1,-1,-1
195,61,0.00,375.60,165.47,283.74,0.79,-1,-1,-1
196,67,498.41,146.50,104.56,107.25,0.91,-1,-1,-1
196,66,468.42,103.97,79.92,57.35,0.91,-1,-1,-1
196,64,308.96,138.90,147.50,122.73,0.91,-1,-1,-1
196,65,6.25,487.27,359.70,228.28,0.80,-1,-1,-1
197,66,415.85,124.07,96.42,68.97,0.93,-1,-1,-1
197,67,382.70,213.54,157.86,154.32,0.92,-1,-1,-1
197,64,162.82,186.32,207.77,169.24,0.84,-1,-1,-1
198,67,68.21,371.57,335.89,332.09,0.93,-1,-1,-1
198,66,338.74,157.25,122.14,86.08,0.91,-1,-1,-1
198,64,1.44,269.39,209.98,352.34,0.73,-1,-1,-1
199,66,212.77,203.51,169.60,116.82,0.94,-1,-1,-1
199,68,948.30,222.75,119.88,92.45,0.91,-1,-1,-1
200,66,0.00,299.84,240.16,190.22,0.93,-1,-1,-1
200,68,893.34,146.45,72.98,63.71,0.85,-1,-1,-1
201,69,969.30,281.88,154.97,122.02,0.94,-1,-1,-1
201,70,303.74,166.48,137.51,102.09,0.82,-1,-1,-1
202,69,900.47,176.13,91.67,71.60,0.95,-1,-1,-1
202,70,95.56,248.04,218.64,153.09,0.88,-1,-1,-1
202,71,497.67,147.16,117.58,115.17,0.62,-1,-1,-1
203,72,256.52,273.59,237.22,218.52,0.91,-1,-1,-1
203,71,465.90,96.14,80.28,66.04,0.78,-1,-1,-1
203,69,863.02,122.61,65.10,50.48,0.48,-1,-1,-1
203,70,0.00,414.47,37.33,183.29,0.27,-1,-1,-1
204,73,394.20,125.14,106.63,81.46,0.92,-1,-1,-1
204,72,534.72,136.09,88.01,89.36,0.87,-1,-1,-1
205,73,263.89,175.98,155.75,109.85,0.93,-1,-1,-1
205,75,378.66,233.50,162.76,140.29,0.90,-1,-1,-1
205,74,918.86,211.11,109.21,86.16,0.85,-1,-1,-1
206,75,1026.02,391.32,253.98,216.49,0.95,-1,-1,-1
206,73,0.00,544.02,279.64,172.19,0.90,-1,-1,-1
206,74,861.31,140.10,75.27,55.56,0.69,-1,-1,-1
207,77,269.71,181.38,151.69,109.06,0.91,-1,-1,-1
207,76,922.26,212.86,136.38,111.21,0.80,-1,-1,-1
208,77,0.55,287.02,265.29,181.29,0.93,-1,-1,-1
208,78,328.41,67.34,157.04,138.32,0.91,-1,-1,-1
208,76,872.88,138.27,93.09,73.18,0.54,-1,-1,-1
209,79,494.49,147.29,109.14,95.22,0.91,-1,-1,-1
209,78,79.53,149.83,263.38,169.59,0.91,-1,-1,-1
210,79,326.69,237.40,193.65,150.88,0.91,-1,-1,-1
211,79,0.77,461.72,272.86,210.13,0.90,-1,-1,-1
220,80,944.16,214.20,111.65,88.24,0.87,-1,-1,-1
221,81,125.07,305.89,215.41,154.83,0.95,-1,-1,-1
221,80,895.22,150.03,79.18,64.33,0.65,-1,-1,-1
222,78,0.00,190.96,121.44,95.72,0.93,-1,-1,-1
224,83,159.41,371.93,256.30,192.51,0.93,-1,-1,-1
225,83,17.50,242.29,172.63,117.80,0.94,-1,-1,-1
226,84,892.17,194.68,101.23,80.14,0.92,-1,-1,-1
226,83,0.00,163.49,51.37,83.62,0.88,-1,-1,-1
226,80,819.56,45.21,32.03,24.95,0.49,-1,-1,-1
229,85,58.50,256.56,216.62,156.98,0.91,-1,-1,-1
230,86,1060.76,223.43,133.03,96.25,0.88,-1,-1,-1
230,85,0.00,178.90,85.69,97.50,0.87,-1,-1,-1
232,87,390.01,481.76,326.47,236.46,0.94,-1,-1,-1
232,88,1001.50,286.25,178.68,137.91,0.91,-1,-1,-1
233,87,980.53,330.09,217.41,169.20,0.94,-1,-1,-1
233,88,931.34,190.01,112.82,93.72,0.92,-1,-1,-1
233,89,177.46,291.37,228.63,141.85,0.90,-1,-1,-1
233,85,0.01,156.70,27.40,75.56,0.76,-1,-1,-1
234,88,890.85,137.18,81.22,55.33,0.81,-1,-1,-1
234,89,1102.50,585.71,177.50,132.30,0.80,-1,-1,-1
235,90,796.73,119.03,73.35,64.26,0.82,-1,-1,-1
235,91,0.00,134.14,36.34,72.43,0.70,-1,-1,-1
236,92,861.93,191.39,105.50,80.30,0.93,-1,-1,-1
253,94,1041.09,165.65,157.05,63.32,0.91,-1,-1,-1
254,94,960.88,141.97,132.68,56.18,0.81,-1,-1,-1
255,94,900.51,121.43,94.88,51.57,0.93,-1,-1,-1
256,94,860.92,101.69,69.06,44.23,0.32,-1,-1,-1
267,95,835.01,352.90,256.68,181.93,0.93,-1,-1,-1
268,95,320.47,513.15,463.64,206.65,0.90,-1,-1,-1
275,96,353.72,134.59,119.63,99.25,0.93,-1,-1,-1
275,97,541.58,126.36,79.18,88.79,0.91,-1,-1,-1
276,96,198.14,190.33,176.52,145.29,0.94,-1,-1,-1
276,97,469.76,166.75,110.53,122.11,0.93,-1,-1,-1
277,97,312.55,259.37,178.63,198.74,0.88,-1,-1,-1
277,96,0.00,323.18,162.06,311.22,0.80,-1,-1,-1
278,98,557.34,126.59,78.54,74.22,0.52,-1,-1,-1
279,97,0.00,322.37,238.90,198.03,0.90,-1,-1,-1
279,99,459.71,189.27,119.23,117.31,0.89,-1,-1,-1
280,99,386.63,142.10,108.83,87.38,0.87,-1,-1,-1
281,101,214.22,217.19,180.68,130.12,0.86,-1,-1,-1
282,102,0.00,410.72,127.34,253.79,0.74,-1,-1,-1
285,104,319.78,141.38,131.93,98.04,0.94,-1,-1,-1
285,103,982.50,396.98,248.13,194.68,0.94,-1,-1,-1
286,104,40.45,243.42,238.38,172.40,0.92,-1,-1,-1
286,105,541.39,120.18,90.89,90.17,0.90,-1,-1,-1
286,103,857.71,193.38,109.76,91.73,0.81,-1,-1,-1
287,106,415.91,187.33,147.89,129.13,0.93,-1,-1,-1
287,105,426.10,118.24,91.50,63.17,0.91,-1,-1,-1
288,106,258.42,181.04,145.92,101.54,0.94,-1,-1,-1
289,104,0.00,353.68,144.59,223.95,0.80,-1,-1,-1
291,108,113.48,354.51,310.36,313.03,0.93,-1,-1,-1
292,108,1082.17,396.42,197.45,193.50,0.93,-1,-1,-1
294,110,908.24,154.43,91.83,73.40,0.85,-1,-1,-1
295,111,929.45,231.22,130.44,103.90,0.87,-1,-1,-1
295,110,876.91,114.50,69.09,52.74,0.73,-1,-1,-1
296,111,883.31,153.75,87.31,76.54,0.83,-1,-1,-1
296,112,385.85,205.37,157.38,141.72,0.83,-1,-1,-1
297,112,0.83,506.40,275.33,208.94,0.86,-1,-1,-1
300,113,1097.69,515.87,182.31,202.67,0.86,-1,-1,-1
301,114,896.90,143.84,76.21,56.43,0.92,-1,-1,-1
301,113,943.96,258.62,141.32,117.28,0.78,-1,-1,-1
302,113,863.08,158.68,89.44,69.65,0.86,-1,-1,-1
303,115,973.22,270.57,163.00,120.00,0.93,-1,-1,-1
304,115,898.70,160.68,95.23,74.21,0.91,-1,-1,-1
306,115,902.06,147.20,76.39,60.98,0.80,-1,-1,-1
308,117,973.46,284.75,165.07,125.93,0.90,-1,-1,-1
309,117,893.66,169.08,95.12,66.65,0.93,-1,-1,-1
310,118,862.80,151.39,121.87,95.86,0.67,-1,-1,-1
311,119,0.26,541.88,181.22,121.58,0.73,-1,-1,-1
314,120,932.73,211.54,119.03,94.19,0.91,-1,-1,-1
315,117,886.21,143.13,81.02,60.84,0.85,-1,-1,-1
317,121,81.03,309.43,238.23,157.12,0.89,-1,-1,-1
318,121,0.05,210.97,134.70,113.78,0.88,-1,-1,-1
320,122,145.40,292.92,232.69,165.46,0.91,-1,-1,-1
321,122,17.15,207.04,175.85,121.37,0.93,-1,-1,-1
322,122,0.02,149.77,49.50,91.00,0.87,-1,-1,-1
358,123,158.59,191.25,254.23,115.77,0.95,-1,-1,-1
359,123,496.17,205.26,260.98,115.51,0.95,-1,-1,-1
360,123,823.11,218.30,243.27,109.98,0.95,-1,-1,-1
366,123,1004.08,323.78,275.92,161.09,0.70,-1,-1,-1
370,126,0.00,236.04,78.67,118.42,0.69,-1,-1,-1
371,126,215.70,326.22,323.59,189.84,0.76,-1,-1,-1
379,128,113.79,221.79,174.45,102.23,0.89,-1,-1,-1
380,128,221.73,245.74,205.05,115.12,0.95,-1,-1,-1
381,128,305.69,260.70,223.85,129.38,0.93,-1,-1,-1
382,128,343.33,270.82,238.68,134.19,0.93,-1,-1,-1
382,129,37.19,289.62,241.39,159.28,0.85,-1,-1,-1
383,128,349.21,272.27,238.77,134.50,0.93,-1,-1,-1
383,129,98.19,308.08,255.75,157.37,0.89,-1,-1,-1
384,128,347.48,272.23,241.36,134.49,0.93,-1,-1,-1
384,129,122.24,315.47,259.84,168.78,0.91,-1,-1,-1
384,130,949.13,226.67,219.12,80.96,0.91,-1,-1,-1
385,129,123.59,315.19,262.37,171.85,0.92,-1,-1,-1
385,128,347.12,269.32,242.74,138.84,0.90,-1,-1,-1
385,130,666.15,230.65,214.36,73.71,0.87,-1,-1,-1
386,129,124.75,316.27,261.65,166.74,0.91,-1,-1,-1
386,128,347.42,273.32,243.40,134.90,0.91,-1,-1,-1
386,130,403.13,205.40,178.26,68.54,0.87,-1,-1,-1
387,130,217.02,180.93,131.77,59.31,0.96,-1,-1,-1
387,129,123.68,315.25,261.84,172.95,0.92,-1,-1,-1
387,128,347.29,272.04,242.03,136.59,0.92,-1,-1,-1
388,130,217.02,180.93,131.77,59.31,0.96,-1,-1,-1
388,129,123.68,315.25,261.84,172.95,0.92,-1,-1,-1
388,128,347.29,272.04,242.03,136.59,0.92,-1,-1,-1
389,130,217.02,180.93,131.77,59.31,0.96,-1,-1,-1
389,129,123.68,315.25,261.84,172.95,0.92,-1,-1,-1
389,128,347.29,272.04,242.03,136.59,0.92,-1,-1,-1
390,130,217.02,180.93,131.77,59.31,0.96,-1,-1,-1
390,129,123.68,315.25,261.84,172.95,0.92,-1,-1,-1
390,128,347.29,272.04,242.03,136.59,0.92,-1,-1,-1
391,130,217.02,180.93,131.77,59.31,0.96,-1,-1,-1
391,129,123.68,315.25,261.84,172.95,0.92,-1,-1,-1
391,128,347.29,272.04,242.03,136.59,0.92,-1,-1,-1
392,130,217.02,180.93,131.77,59.31,0.96,-1,-1,-1
392,129,123.68,315.25,261.84,172.95,0.92,-1,-1,-1
392,128,347.29,272.04,242.03,136.59,0.92,-1,-1,-1
393,130,217.02,180.93,131.77,59.31,0.96,-1,-1,-1
393,129,123.68,315.25,261.84,172.95,0.92,-1,-1,-1
393,128,347.29,272.04,242.03,136.59,0.92,-1,-1,-1
394,129,123.91,315.23,261.01,171.56,0.91,-1,-1,-1
394,128,347.28,272.40,241.22,134.51,0.91,-1,-1,-1
395,129,123.91,315.23,261.01,171.56,0.91,-1,-1,-1
395,128,347.28,272.40,241.22,134.51,0.91,-1,-1,-1
396,129,123.91,315.23,261.01,171.56,0.91,-1,-1,-1
396,128,347.28,272.40,241.22,134.51,0.91,-1,-1,-1
397,128,347.56,272.22,241.60,135.37,0.92,-1,-1,-1
397,129,125.50,315.98,260.17,167.85,0.91,-1,-1,-1
398,128,347.84,272.76,241.10,134.99,0.91,-1,-1,-1
398,129,127.14,317.24,260.23,169.57,0.91,-1,-1,-1
399,129,148.02,323.90,268.26,172.54,0.92,-1,-1,-1
399,128,348.82,272.72,239.84,138.21,0.91,-1,-1,-1
400,128,347.21,272.85,241.70,132.05,0.92,-1,-1,-1
400,129,211.29,342.94,308.96,178.49,0.88,-1,-1,-1
401,128,355.66,273.54,245.43,136.63,0.92,-1,-1,-1
401,129,353.40,393.02,371.24,182.95,0.91,-1,-1,-1
402,128,382.70,280.68,252.61,138.19,0.94,-1,-1,-1
402,129,635.01,482.99,533.53,236.83,0.81,-1,-1,-1
403,128,422.18,288.85,269.35,142.74,0.92,-1,-1,-1
404,128,466.75,296.92,295.62,157.34,0.91,-1,-1,-1
405,128,539.34,312.97,308.33,158.94,0.93,-1,-1,-1
406,128,597.74,314.50,328.04,179.87,0.93,-1,-1,-1
406,131,438.92,216.00,191.97,78.82,0.78,-1,-1,-1
407,128,655.15,331.75,341.94,171.63,0.94,-1,-1,-1
407,131,894.13,233.56,280.80,108.81,0.70,-1,-1,-1
408,128,705.36,336.97,357.06,174.88,0.93,-1,-1,-1
409,128,742.61,346.38,377.65,174.76,0.92,-1,-1,-1
410,128,807.60,352.11,404.31,188.83,0.94,-1,-1,-1
411,128,982.05,386.42,297.68,202.29,0.83,-1,-1,-1
411,132,437.22,191.29,173.10,61.86,0.65,-1,-1,-1
435,133,126.20,220.06,204.10,124.53,0.86,-1,-1,-1
436,133,382.73,271.65,298.78,160.32,0.89,-1,-1,-1
437,133,713.21,316.41,416.25,190.24,0.88,-1,-1,-1
438,133,1115.13,336.74,164.87,180.48,0.74,-1,-1,-1
455,135,723.81,219.39,189.20,76.08,0.88,-1,-1,-1
456,135,539.44,199.43,176.31,68.78,0.83,-1,-1,-1
457,135,381.13,178.79,131.11,61.39,0.83,-1,-1,-1
458,135,235.06,159.67,104.03,52.80,0.55,-1,-1,-1
459,135,111.14,143.97,93.44,48.55,0.47,-1,-1,-1
460,136,206.90,256.15,210.96,112.56,0.86,-1,-1,-1
461,136,294.42,274.21,238.71,126.29,0.83,-1,-1,-1
462,136,332.09,284.80,246.53,130.48,0.89,-1,-1,-1
463,136,338.57,286.90,248.15,130.42,0.91,-1,-1,-1
464,136,339.49,286.48,246.06,131.89,0.91,-1,-1,-1
464,137,758.56,227.54,171.83,81.50,0.87,-1,-1,-1
465,137,508.96,205.75,177.50,69.59,0.92,-1,-1,-1
465,136,339.36,286.38,247.76,131.55,0.91,-1,-1,-1
466,136,339.54,286.23,246.11,132.92,0.92,-1,-1,-1
466,137,335.15,182.72,134.49,56.79,0.92,-1,-1,-1
467,136,340.73,285.49,248.64,133.52,0.92,-1,-1,-1
467,137,188.94,158.41,105.54,49.12,0.35,-1,-1,-1
468,136,363.90,291.54,257.29,131.18,0.90,-1,-1,-1
468,137,54.30,138.14,94.23,47.03,0.40,-1,-1,-1
469,136,460.76,312.35,296.68,152.67,0.93,-1,-1,-1
470,136,707.56,363.14,375.15,188.89,0.92,-1,-1,-1
471,136,1169.96,471.19,110.04,141.89,0.65,-1,-1,-1
472,138,270.76,330.55,331.71,216.36,0.93,-1,-1,-1
473,138,548.48,402.22,491.89,302.98,0.84,-1,-1,-1
474,139,92.61,380.14,318.46,211.50,0.79,-1,-1,-1
474,138,1156.36,500.22,123.56,216.31,0.28,-1,-1,-1
475,139,756.17,236.22,226.00,81.08,0.80,-1,-1,-1
514,143,874.91,226.97,224.07,75.77,0.87,-1,-1,-1
515,143,666.75,210.12,204.98,74.24,0.85,-1,-1,-1
516,143,490.07,196.90,169.70,63.05,0.87,-1,-1,-1
517,143,338.81,178.09,139.60,55.07,0.79,-1,-1,-1
518,143,338.81,178.09,139.60,55.07,0.79,-1,-1,-1
519,143,338.81,178.09,139.60,55.07,0.79,-1,-1,-1
520,143,338.81,178.09,139.60,55.07,0.79,-1,-1,-1
522,143,0.00,249.68,178.30,156.78,0.52,-1,-1,-1
524,144,92.36,294.93,264.14,186.91,0.94,-1,-1,-1
525,144,95.29,295.73,264.58,187.79,0.91,-1,-1,-1
526,144,95.20,296.57,263.62,191.73,0.92,-1,-1,-1
526,145,35.67,203.84,173.12,92.48,0.83,-1,-1,-1
527,144,94.95,295.36,262.86,184.85,0.93,-1,-1,-1
527,145,139.08,223.01,188.02,100.02,0.82,-1,-1,-1
528,144,94.77,294.10,262.86,187.77,0.95,-1,-1,-1
528,145,217.94,243.30,218.06,118.23,0.82,-1,-1,-1
529,144,94.59,294.78,265.92,184.48,0.95,-1,-1,-1
529,145,273.03,253.84,238.56,140.05,0.89,-1,-1,-1
530,144,94.11,294.95,264.24,184.81,0.95,-1,-1,-1
530,145,309.19,257.83,252.16,145.33,0.89,-1,-1,-1
531,144,94.18,294.99,265.72,187.41,0.95,-1,-1,-1
531,145,325.78,264.90,255.33,144.49,0.90,-1,-1,-1
531,146,619.43,219.21,216.78,71.65,0.69,-1,-1,-1
532,145,330.15,266.94,252.52,144.11,0.93,-1,-1,-1
532,144,94.46,296.80,265.30,194.08,0.93,-1,-1,-1
532,147,22.94,211.37,168.81,86.45,0.82,-1,-1,-1
533,144,93.93,297.33,265.02,199.65,0.93,-1,-1,-1
533,145,335.80,264.67,251.38,147.26,0.93,-1,-1,-1
533,147,63.01,218.73,167.80,84.45,0.81,-1,-1,-1
534,144,92.82,298.84,266.92,195.58,0.94,-1,-1,-1
534,145,343.29,265.72,256.51,148.31,0.92,-1,-1,-1
534,147,67.37,219.78,176.39,87.93,0.72,-1,-1,-1
535,144,100.13,301.42,268.63,189.31,0.95,-1,-1,-1
535,145,354.74,269.55,259.99,148.64,0.92,-1,-1,-1
535,147,69.88,220.52,172.53,87.17,0.67,-1,-1,-1
536,145,378.25,275.13,278.79,151.06,0.94,-1,-1,-1
536,144,131.59,307.61,284.28,196.96,0.93,-1,-1,-1
536,147,70.48,220.90,173.74,92.60,0.82,-1,-1,-1
536,149,0.00,246.22,139.19,136.63,0.63,-1,-1,-1
537,145,419.04,286.11,290.58,152.16,0.93,-1,-1,-1
537,144,251.97,345.94,336.09,251.86,0.87,-1,-1,-1
537,147,68.10,220.65,175.63,100.81,0.53,-1,-1,-1
538,145,492.28,296.13,344.50,155.80,0.89,-1,-1,-1
538,144,553.83,443.08,539.79,274.76,0.79,-1,-1,-1
538,147,73.63,221.01,170.43,93.67,0.57,-1,-1,-1
539,145,651.08,312.16,360.01,165.50,0.94,-1,-1,-1
539,150,84.85,290.48,281.89,165.67,0.83,-1,-1,-1
540,147,146.00,237.21,195.75,105.38,0.92,-1,-1,-1
540,145,916.73,312.22,362.15,159.21,0.92,-1,-1,-1
540,150,273.24,333.53,373.27,245.38,0.89,-1,-1,-1
541,147,272.39,263.14,244.08,128.53,0.80,-1,-1,-1
541,144,747.02,343.61,531.84,376.39,0.75,-1,-1,-1
542,147,537.57,320.93,313.18,161.72,0.89,-1,-1,-1
543,151,159.66,251.50,215.51,117.20,0.89,-1,-1,-1
543,144,1035.43,423.87,244.57,279.84,0.70,-1,-1,-1
544,151,391.39,306.34,305.94,146.96,0.90,-1,-1,-1
545,151,818.65,386.79,459.24,234.22,0.88,-1,-1,-1
555,153,796.95,475.62,482.08,238.20,0.58,-1,-1,-1
556,153,1030.48,367.15,248.49,316.22,0.53,-1,-1,-1
583,156,151.43,228.77,202.17,120.81,0.87,-1,-1,-1
584,156,262.39,249.61,235.23,138.66,0.89,-1,-1,-1
585,156,331.48,254.33,245.24,159.01,0.89,-1,-1,-1
586,156,351.04,259.95,250.22,162.12,0.88,-1,-1,-1
587,156,351.67,261.74,250.00,159.19,0.87,-1,-1,-1
588,156,351.98,261.47,248.74,160.46,0.88,-1,-1,-1
589,156,352.21,261.43,248.88,160.69,0.90,-1,-1,-1
590,156,351.85,260.39,248.25,161.47,0.89,-1,-1,-1
591,156,351.45,260.67,251.12,160.39,0.87,-1,-1,-1
592,156,351.40,260.69,249.43,160.73,0.89,-1,-1,-1
593,157,836.09,220.38,209.16,74.17,0.89,-1,-1,-1
593,156,351.45,262.41,250.50,159.49,0.89,-1,-1,-1
594,156,351.60,261.52,248.87,161.05,0.88,-1,-1,-1
594,157,639.86,208.28,186.05,68.87,0.81,-1,-1,-1
595,156,351.65,261.62,248.68,161.00,0.90,-1,-1,-1
595,158,849.93,223.27,244.61,88.13,0.89,-1,-1,-1
595,157,470.31,189.89,150.18,60.72,0.86,-1,-1,-1
596,157,318.36,172.95,142.10,53.33,0.93,-1,-1,-1
596,156,352.19,265.04,248.31,157.51,0.91,-1,-1,-1
596,158,557.52,212.15,215.38,79.94,0.69,-1,-1,-1
597,156,352.21,265.30,248.99,157.65,0.90,-1,-1,-1
597,158,311.11,188.50,166.50,63.58,0.87,-1,-1,-1
598,156,352.35,262.76,248.08,157.70,0.90,-1,-1,-1
598,158,124.40,163.58,119.88,57.04,0.41,-1,-1,-1
599,156,351.68,262.34,247.64,159.54,0.90,-1,-1,-1
600,156,351.68,262.34,247.64,159.54,0.90,-1,-1,-1
601,156,351.90,263.33,249.18,158.60,0.88,-1,-1,-1
602,156,351.90,263.33,249.18,158.60,0.88,-1,-1,-1
603,156,351.90,263.33,249.18,158.60,0.88,-1,-1,-1
604,156,351.90,263.33,249.18,158.60,0.88,-1,-1,-1
605,156,370.20,268.71,257.55,151.81,0.87,-1,-1,-1
606,156,416.29,281.79,274.34,153.58,0.94,-1,-1,-1
607,156,482.65,291.51,299.16,171.44,0.92,-1,-1,-1
608,156,569.26,307.02,328.43,178.07,0.93,-1,-1,-1
609,156,673.87,320.10,358.15,185.08,0.92,-1,-1,-1
610,156,786.26,332.25,400.10,197.84,0.90,-1,-1,-1
611,159,305.47,196.01,160.34,72.18,0.90,-1,-1,-1
611,156,900.95,318.33,379.05,233.04,0.88,-1,-1,-1
612,156,1010.54,325.11,269.46,234.27,0.73,-1,-1,-1
613,156,1098.12,366.93,181.86,191.88,0.63,-1,-1,-1
614,161,563.66,214.66,166.58,68.57,0.82,-1,-1,-1
614,156,1162.56,377.39,117.16,181.93,0.76,-1,-1,-1
615,161,354.43,185.76,137.26,54.60,0.83,-1,-1,-1
616,162,906.17,237.71,274.29,101.22,0.71,-1,-1,-1
616,156,1224.03,373.25,55.97,176.87,0.67,-1,-1,-1
617,162,1230.46,388.47,49.54,166.61,0.71,-1,-1,-1
618,162,1231.16,395.89,48.80,163.66,0.65,-1,-1,-1
619,162,1231.34,394.34,48.59,166.93,0.69,-1,-1,-1
620,162,1232.35,394.16,47.50,165.59,0.28,-1,-1,-1
622,165,854.33,247.09,257.39,88.30,0.76,-1,-1,-1
623,165,549.71,206.31,176.64,72.24,0.80,-1,-1,-1
624,165,337.09,180.32,132.39,57.07,0.78,-1,-1,-1
625,165,179.81,158.11,120.15,51.71,0.41,-1,-1,-1
626,165,61.05,141.99,102.24,43.35,0.27,-1,-1,-1
651,169,15.86,296.41,238.41,146.81,0.87,-1,-1,-1
652,169,79.00,314.63,254.68,158.06,0.90,-1,-1,-1
653,169,91.99,320.42,259.24,159.31,0.91,-1,-1,-1
654,169,91.99,320.42,259.24,159.31,0.91,-1,-1,-1
655,169,92.30,320.31,259.60,165.09,0.92,-1,-1,-1
656,169,91.80,320.05,260.24,158.96,0.93,-1,-1,-1
656,170,44.07,212.12,169.41,85.71,0.87,-1,-1,-1
657,170,151.85,232.42,190.84,97.32,0.92,-1,-1,-1
657,169,93.38,321.86,258.06,162.24,0.92,-1,-1,-1
657,171,963.18,229.86,211.77,81.21,0.81,-1,-1,-1
658,169,92.73,318.05,259.45,176.83,0.92,-1,-1,-1
658,171,755.69,226.41,199.04,74.25,0.89,-1,-1,-1
658,170,250.84,253.01,223.40,112.71,0.85,-1,-1,-1
659,171,545.75,209.67,171.19,68.62,0.92,-1,-1,-1
659,169,93.66,319.76,259.16,164.15,0.91,-1,-1,-1
659,170,323.01,265.87,244.03,126.20,0.86,-1,-1,-1
660,170,356.20,271.48,254.55,131.75,0.92,-1,-1,-1
660,169,91.10,318.36,260.64,175.14,0.92,-1,-1,-1
660,171,391.65,191.38,138.25,56.87,0.91,-1,-1,-1
661,170,362.88,272.70,248.57,131.42,0.94,-1,-1,-1
661,169,92.75,319.26,258.65,174.18,0.92,-1,-1,-1
661,171,250.38,170.97,117.96,51.41,0.88,-1,-1,-1
662,170,362.98,273.09,246.42,130.80,0.94,-1,-1,-1
662,169,92.54,319.23,258.86,174.00,0.92,-1,-1,-1
662,171,0.21,249.79,114.71,119.64,0.71,-1,-1,-1
663,170,362.40,272.55,250.42,131.59,0.93,-1,-1,-1
663,169,92.26,319.47,258.82,174.29,0.92,-1,-1,-1
663,171,0.18,251.78,114.57,118.92,0.70,-1,-1,-1
664,170,362.40,272.55,250.42,131.59,0.93,-1,-1,-1
664,169,92.26,319.47,258.82,174.29,0.92,-1,-1,-1
664,171,0.18,251.78,114.57,118.92,0.70,-1,-1,-1
665,170,362.40,272.55,250.42,131.59,0.93,-1,-1,-1
665,169,92.26,319.47,258.82,174.29,0.92,-1,-1,-1
665,171,0.18,251.78,114.57,118.92,0.70,-1,-1,-1
666,170,362.94,272.92,245.37,131.96,0.94,-1,-1,-1
666,169,92.36,319.10,258.94,178.55,0.90,-1,-1,-1
666,171,0.17,252.42,114.85,118.75,0.73,-1,-1,-1
667,170,363.21,272.55,248.14,132.34,0.94,-1,-1,-1
667,169,95.24,320.81,262.13,188.73,0.91,-1,-1,-1
667,171,0.00,252.46,115.81,118.84,0.72,-1,-1,-1
668,170,363.44,272.34,246.10,132.18,0.94,-1,-1,-1
668,169,115.94,327.10,268.19,186.87,0.91,-1,-1,-1
668,171,0.00,254.23,125.32,116.82,0.59,-1,-1,-1
669,169,144.12,334.38,279.57,182.97,0.94,-1,-1,-1
669,170,363.51,272.66,245.64,131.83,0.94,-1,-1,-1
669,171,0.00,254.30,136.82,123.26,0.72,-1,-1,-1
670,170,363.01,272.47,250.07,132.55,0.93,-1,-1,-1
670,169,168.35,343.16,291.19,174.31,0.92,-1,-1,-1
670,171,0.06,257.40,147.44,128.84,0.72,-1,-1,-1
671,170,363.99,272.62,246.52,132.83,0.94,-1,-1,-1
671,169,203.94,347.70,305.39,199.72,0.91,-1,-1,-1
671,171,0.00,259.38,155.68,132.95,0.72,-1,-1,-1
672,170,374.36,274.98,254.06,129.27,0.93,-1,-1,-1
672,169,267.99,376.94,334.87,198.99,0.92,-1,-1,-1
672,171,0.00,257.29,166.18,137.78,0.41,-1,-1,-1
673,170,403.98,281.53,263.39,134.33,0.93,-1,-1,-1
673,169,407.47,417.39,417.19,243.50,0.90,-1,-1,-1
674,170,452.01,293.19,276.93,136.50,0.94,-1,-1,-1
674,169,747.39,519.14,520.47,196.65,0.74,-1,-1,-1
675,170,508.95,305.56,293.07,145.20,0.92,-1,-1,-1
675,175,184.73,339.18,316.67,170.71,0.82,-1,-1,-1
676,170,576.59,313.72,318.87,155.45,0.93,-1,-1,-1
676,175,474.61,419.74,463.01,256.63,0.50,-1,-1,-1
677,170,668.35,328.48,338.57,163.72,0.93,-1,-1,-1
677,176,389.18,201.30,183.35,84.53,0.86,-1,-1,-1
678,170,740.02,342.81,372.95,166.63,0.93,-1,-1,-1
678,176,173.98,170.50,136.87,65.39,0.87,-1,-1,-1
679,170,803.87,350.13,402.58,171.77,0.93,-1,-1,-1
679,176,5.92,144.93,110.35,58.19,0.63,-1,-1,-1
680,170,851.59,354.21,422.39,178.40,0.92,-1,-1,-1
681,170,878.12,353.94,401.88,181.50,0.89,-1,-1,-1
682,170,910.91,360.11,368.32,181.79,0.91,-1,-1,-1
682,176,0.03,129.89,47.12,45.74,0.60,-1,-1,-1
683,170,933.18,362.56,346.67,182.71,0.91,-1,-1,-1
684,170,957.76,365.93,322.05,186.04,0.92,-1,-1,-1
685,170,1011.83,367.45,268.17,188.08,0.79,-1,-1,-1
686,170,1102.10,369.30,177.67,169.21,0.79,-1,-1,-1
717,179,99.12,214.90,190.84,111.83,0.69,-1,-1,-1
718,179,241.10,239.76,227.15,131.56,0.85,-1,-1,-1
719,179,351.90,253.93,251.20,151.79,0.89,-1,-1,-1
720,179,405.80,268.29,267.23,153.75,0.94,-1,-1,-1
721,179,577.69,443.20,532.92,271.90,0.28,-1,-1,-1
723,180,0.01,439.02,59.93,236.22,0.67,-1,-1,-1
724,181,634.22,342.21,148.30,76.59,0.87,-1,-1,-1
725,181,521.02,314.17,76.16,43.53,0.87,-1,-1,-1
726,182,523.98,330.21,121.34,73.95,0.95,-1,-1,-1
726,181,465.84,298.25,48.05,31.67,0.85,-1,-1,-1
727,182,441.21,305.17,62.54,42.43,0.91,-1,-1,-1
727,181,432.44,292.29,34.50,22.19,0.33,-1,-1,-1
728,182,403.29,293.60,41.48,29.56,0.84,-1,-1,-1
753,185,531.34,308.99,93.95,54.97,0.89,-1,-1,-1
754,185,447.69,292.28,48.00,30.91,0.64,-1,-1,-1
755,185,409.51,285.57,33.07,21.15,0.41,-1,-1,-1
756,185,386.35,281.85,27.26,17.79,0.27,-1,-1,-1
762,186,446.45,297.09,47.07,31.24,0.84,-1,-1,-1
777,187,0.00,405.99,91.32,186.00,0.85,-1,-1,-1
778,188,687.18,333.07,159.29,93.53,0.94,-1,-1,-1
778,187,0.05,424.74,62.34,200.88,0.76,-1,-1,-1
779,188,571.14,311.83,96.24,60.88,0.94,-1,-1,-1
779,187,0.00,448.52,41.28,215.89,0.69,-1,-1,-1
780,188,501.76,300.81,63.30,42.12,0.90,-1,-1,-1
780,187,0.02,454.19,33.71,215.31,0.42,-1,-1,-1
781,188,458.57,294.52,45.32,30.81,0.87,-1,-1,-1
781,187,0.00,456.04,31.42,216.87,0.42,-1,-1,-1
782,188,429.36,289.06,34.30,24.61,0.67,-1,-1,-1
782,187,0.00,458.53,28.49,210.91,0.40,-1,-1,-1
783,187,0.29,455.28,29.50,216.98,0.38,-1,-1,-1
783,188,408.77,284.00,26.97,22.90,0.35,-1,-1,-1
784,188,394.47,282.38,22.29,18.42,0.42,-1,-1,-1
784,187,0.30,455.74,29.50,217.17,0.38,-1,-1,-1
785,187,0.32,454.56,27.34,219.56,0.33,-1,-1,-1
786,187,0.32,454.56,27.34,219.56,0.33,-1,-1,-1
787,187,0.00,457.64,29.44,214.02,0.42,-1,-1,-1
788,187,0.32,454.33,28.89,220.50,0.37,-1,-1,-1
789,187,0.30,453.46,28.83,221.15,0.40,-1,-1,-1
790,187,0.25,455.61,29.78,218.35,0.33,-1,-1,-1
791,187,0.25,455.45,30.19,211.43,0.38,-1,-1,-1
792,187,0.00,456.13,29.91,219.81,0.41,-1,-1,-1
793,187,0.00,456.01,30.10,218.91,0.46,-1,-1,-1
794,187,0.00,456.01,30.10,218.91,0.46,-1,-1,-1
795,187,0.00,455.08,31.10,219.20,0.50,-1,-1,-1
796,187,0.00,455.14,31.29,219.20,0.50,-1,-1,-1
797,187,0.00,457.05,29.65,221.52,0.36,-1,-1,-1
798,187,0.00,457.79,30.91,215.07,0.52,-1,-1,-1
799,187,0.00,457.79,30.91,215.07,0.52,-1,-1,-1
800,187,0.00,456.86,31.04,214.69,0.50,-1,-1,-1
801,187,0.00,457.31,30.85,214.21,0.50,-1,-1,-1
802,187,0.00,458.31,31.07,214.83,0.51,-1,-1,-1
803,187,0.00,458.35,30.95,214.86,0.51,-1,-1,-1
804,187,0.00,457.88,31.08,213.70,0.51,-1,-1,-1
805,187,0.00,456.84,31.18,216.56,0.51,-1,-1,-1
806,187,0.00,456.12,31.29,217.28,0.51,-1,-1,-1
807,187,0.00,454.31,30.88,217.87,0.51,-1,-1,-1
808,187,0.00,453.32,29.77,220.22,0.42,-1,-1,-1
814,189,0.07,395.62,94.66,190.74,0.54,-1,-1,-1
818,190,601.71,345.63,220.32,128.59,0.96,-1,-1,-1
819,190,471.46,309.05,95.34,66.22,0.96,-1,-1,-1
820,190,418.02,297.44,57.04,38.48,0.86,-1,-1,-1
821,190,391.05,288.17,40.17,29.09,0.78,-1,-1,-1
822,190,374.50,284.64,30.94,23.80,0.26,-1,-1,-1
824,191,474.15,303.41,69.75,49.57,0.92,-1,-1,-1
825,191,428.81,290.35,41.44,31.13,0.83,-1,-1,-1
826,191,403.63,284.69,32.30,23.41,0.69,-1,-1,-1
827,192,457.71,296.40,43.24,29.97,0.85,-1,-1,-1
827,191,384.16,281.17,24.47,18.97,0.54,-1,-1,-1
828,192,418.10,287.37,29.71,22.29,0.75,-1,-1,-1
828,191,373.03,279.75,18.66,14.69,0.35,-1,-1,-1
829,192,395.65,282.13,21.82,17.92,0.41,-1,-1,-1
829,191,363.01,278.08,17.52,12.63,0.26,-1,-1,-1
844,192,0.00,306.47,57.56,36.21,0.74,-1,-1,-1
848,191,125.42,300.76,58.89,34.37,0.47,-1,-1,-1
849,194,543.15,330.65,164.81,106.33,0.94,-1,-1,-1
850,194,457.77,304.53,81.45,59.11,0.93,-1,-1,-1
850,191,31.32,305.92,78.43,33.54,0.64,-1,-1,-1
851,194,413.20,292.95,55.13,39.18,0.75,-1,-1,-1
859,195,496.40,305.31,70.36,45.45,0.93,-1,-1,-1
860,195,439.46,292.01,41.80,29.51,0.88,-1,-1,-1
861,195,412.08,285.46,28.56,22.37,0.67,-1,-1,-1
862,195,391.26,281.34,24.47,19.37,0.25,-1,-1,-1
863,195,379.72,279.27,19.52,15.20,0.36,-1,-1,-1
872,196,0.00,412.63,80.28,206.33,0.73,-1,-1,-1
911,197,851.48,373.05,237.41,121.58,0.89,-1,-1,-1
912,197,564.65,316.74,94.15,52.79,0.90,-1,-1,-1
913,197,463.21,297.56,49.33,30.90,0.84,-1,-1,-1
914,197,416.07,287.77,33.26,23.41,0.66,-1,-1,-1
916,198,562.16,260.10,320.92,172.40,0.67,-1,-1,-1
917,198,485.80,263.62,158.53,95.21,0.90,-1,-1,-1
918,198,441.25,265.35,97.83,63.16,0.76,-1,-1,-1
920,198,394.76,265.62,50.81,39.94,0.77,-1,-1,-1
941,200,590.14,349.34,202.22,100.47,0.94,-1,-1,-1
942,200,477.07,315.82,98.02,54.98,0.94,-1,-1,-1
943,200,426.46,299.38,60.42,38.28,0.92,-1,-1,-1
944,200,400.82,291.39,43.00,29.68,0.85,-1,-1,-1
945,201,603.58,340.59,146.55,81.10,0.95,-1,-1,-1
945,200,385.20,286.80,34.20,25.02,0.67,-1,-1,-1
946,201,506.20,311.85,77.46,48.91,0.92,-1,-1,-1
946,200,375.50,285.34,28.45,19.54,0.43,-1,-1,-1
947,201,461.29,299.97,51.80,33.16,0.89,-1,-1,-1
948,201,434.93,290.67,37.83,27.51,0.86,-1,-1,-1
949,201,415.85,286.89,30.46,22.48,0.80,-1,-1,-1
950,201,402.04,284.35,25.52,19.22,0.44,-1,-1,-1
951,201,388.00,283.16,24.91,15.74,0.42,-1,-1,-1
952,201,380.67,280.13,21.74,16.40,0.27,-1,-1,-1
953,201,372.81,278.71,18.06,13.28,0.40,-1,-1,-1
954,201,364.82,278.16,18.36,11.92,0.32,-1,-1,-1
955,203,504.49,301.59,69.86,46.68,0.91,-1,-1,-1
956,203,439.04,288.27,42.10,31.15,0.78,-1,-1,-1
957,203,406.39,282.45,28.97,22.75,0.41,-1,-1,-1
958,203,388.00,279.81,21.58,17.76,0.31,-1,-1,-1
959,203,375.15,278.05,18.75,16.01,0.51,-1,-1,-1
1004,204,505.44,333.04,125.20,77.89,0.93,-1,-1,-1
1005,205,539.49,338.53,149.10,86.51,0.95,-1,-1,-1
1005,204,440.10,309.89,69.77,39.63,0.88,-1,-1,-1
1006,205,452.87,310.94,77.61,50.98,0.92,-1,-1,-1
1006,204,406.21,298.22,47.42,30.54,0.67,-1,-1,-1
1007,205,411.76,299.00,52.13,36.05,0.86,-1,-1,-1
1007,206,576.90,444.44,529.22,270.01,0.52,-1,-1,-1
1007,204,387.40,292.55,34.34,22.36,0.37,-1,-1,-1
1038,208,465.44,316.89,76.75,48.50,0.93,-1,-1,-1
1039,208,406.65,297.32,41.48,28.05,0.74,-1,-1,-1
1041,209,577.67,442.62,536.04,272.36,0.52,-1,-1,-1
1067,210,0.08,403.00,90.61,206.97,0.82,-1,-1,-1
1089,212,510.19,163.97,125.13,123.27,0.90,-1,-1,-1
1090,212,511.08,162.84,124.24,123.82,0.91,-1,-1,-1
1091,212,511.10,162.39,124.36,124.46,0.91,-1,-1,-1
1092,212,513.47,164.47,122.65,122.70,0.91,-1,-1,-1
1093,212,513.68,165.26,122.13,123.38,0.92,-1,-1,-1
1094,212,513.09,166.02,122.45,122.55,0.92,-1,-1,-1
1095,212,513.27,164.37,122.29,124.02,0.92,-1,-1,-1
1096,212,513.23,165.12,122.41,124.09,0.94,-1,-1,-1
1097,212,513.36,165.34,122.24,123.06,0.92,-1,-1,-1
1098,212,512.63,165.47,122.81,122.66,0.92,-1,-1,-1
1099,212,512.04,165.78,122.90,122.33,0.93,-1,-1,-1
1100,212,512.67,165.53,122.44,122.58,0.92,-1,-1,-1
1101,212,511.18,165.73,124.11,122.46,0.91,-1,-1,-1
1102,212,512.92,165.35,122.24,122.89,0.91,-1,-1,-1
1103,212,512.39,165.19,122.72,123.07,0.93,-1,-1,-1
1104,212,512.39,165.19,122.72,123.07,0.93,-1,-1,-1
1105,212,512.23,166.36,122.90,122.39,0.92,-1,-1,-1
1106,212,511.50,166.64,124.19,122.41,0.91,-1,-1,-1
1107,212,511.48,166.86,124.00,122.18,0.91,-1,-1,-1
1108,212,511.64,167.10,123.79,121.90,0.91,-1,-1,-1
1109,212,513.48,165.69,121.93,123.35,0.92,-1,-1,-1
1110,212,513.16,166.38,122.30,122.65,0.92,-1,-1,-1
1111,212,507.56,166.40,128.47,123.10,0.92,-1,-1,-1
1112,212,511.30,166.16,124.33,122.39,0.92,-1,-1,-1
1113,212,512.94,164.12,121.80,124.51,0.92,-1,-1,-1
1114,212,506.94,166.58,127.93,122.97,0.92,-1,-1,-1
1114,213,799.60,356.70,163.30,175.99,0.88,-1,-1,-1
1115,212,498.42,169.52,132.29,125.46,0.91,-1,-1,-1
1115,213,798.60,246.17,119.64,123.45,0.87,-1,-1,-1
1116,213,800.30,184.46,88.97,83.86,0.93,-1,-1,-1
1116,212,475.87,185.36,143.05,134.84,0.89,-1,-1,-1
1117,213,799.87,140.26,68.51,64.29,0.90,-1,-1,-1
1117,212,434.19,208.39,163.90,166.37,0.90,-1,-1,-1
1118,212,342.56,257.66,211.50,205.58,0.88,-1,-1,-1
1118,213,798.05,108.59,59.60,47.34,0.76,-1,-1,-1
1119,212,139.10,350.19,337.15,344.40,0.91,-1,-1,-1
1119,213,800.37,86.35,46.86,41.40,0.72,-1,-1,-1
1120,213,797.13,71.73,44.87,33.17,0.57,-1,-1,-1
1138,214,0.00,344.13,203.12,256.41,0.92,-1,-1,-1
1144,215,903.89,149.63,83.16,61.68,0.77,-1,-1,-1
1145,215,866.37,100.65,58.68,39.54,0.65,-1,-1,-1
1159,217,49.73,115.00,430.52,325.90,0.89,-1,-1,-1
1174,218,802.10,64.23,39.12,32.33,0.57,-1,-1,-1
1207,219,88.81,274.07,257.68,185.30,0.91,-1,-1,-1
1231,221,179.76,350.71,280.73,258.58,0.90,-1,-1,-1
1248,222,308.90,124.97,132.92,105.88,0.90,-1,-1,-1
1249,222,183.45,150.25,177.82,140.88,0.87,-1,-1,-1
1250,222,29.82,180.76,240.87,172.71,0.45,-1,-1,-1
1251,224,1.18,400.73,411.81,311.47,0.88,-1,-1,-1
1251,222,0.00,240.12,114.67,171.73,0.74,-1,-1,-1
1251,223,1151.28,462.98,127.85,257.02,0.62,-1,-1,-1
1261,225,909.94,139.50,83.61,69.87,0.88,-1,-1,-1
1262,225,871.39,90.79,56.16,41.88,0.74,-1,-1,-1
1264,225,842.93,50.33,31.99,24.61,0.37,-1,-1,-1
1300,227,1003.78,296.13,190.04,146.07,0.79,-1,-1,-1
1303,228,877.33,105.44,67.10,48.98,0.63,-1,-1,-1
1306,229,836.27,170.17,82.01,77.10,0.81,-1,-1,-1
1307,230,935.22,134.72,81.34,90.15,0.88,-1,-1,-1
1307,229,828.99,114.26,64.72,46.78,0.74,-1,-1,-1
1315,231,908.30,144.41,94.02,96.80,0.83,-1,-1,-1
1316,231,859.73,88.74,57.01,56.43,0.76,-1,-1,-1
1342,233,432.36,129.01,97.59,76.93,0.74,-1,-1,-1
1343,233,269.88,199.22,156.08,107.66,0.92,-1,-1,-1
1344,233,0.23,356.46,179.51,228.97,0.83,-1,-1,-1
1390,233,0.00,417.05,53.78,191.81,0.31,-1,-1,-1
1391,234,764.16,303.95,146.52,151.04,0.88,-1,-1,-1
1392,236,1045.23,328.22,196.09,146.75,0.89,-1,-1,-1
1392,235,238.97,341.24,253.29,204.57,0.89,-1,-1,-1
1392,234,771.38,210.98,100.08,93.90,0.87,-1,-1,-1
1393,234,780.68,152.04,69.75,64.75,0.91,-1,-1,-1
1393,236,978.40,233.87,132.04,101.54,0.87,-1,-1,-1
1393,235,0.84,590.18,280.48,127.20,0.83,-1,-1,-1
1394,236,938.17,169.67,91.85,70.56,0.89,-1,-1,-1
1394,234,785.29,114.70,54.17,43.68,0.88,-1,-1,-1
1394,237,781.61,221.51,107.92,126.93,0.84,-1,-1,-1
1394,238,463.57,222.83,130.42,119.49,0.67,-1,-1,-1
1395,237,786.80,158.18,76.58,73.77,0.94,-1,-1,-1
1395,236,910.05,130.50,70.52,50.10,0.84,-1,-1,-1
1395,234,786.74,84.93,43.73,36.20,0.80,-1,-1,-1
1396,237,788.73,113.70,54.85,49.98,0.92,-1,-1,-1
1396,236,886.80,101.42,55.72,37.68,0.75,-1,-1,-1
1396,234,789.38,66.83,35.03,28.40,0.63,-1,-1,-1
1397,237,788.49,86.78,43.37,36.72,0.60,-1,-1,-1
1397,236,871.10,79.95,43.02,30.44,0.32,-1,-1,-1
1398,239,948.26,186.65,120.67,92.82,0.80,-1,-1,-1
1399,240,518.16,315.45,326.38,186.75,0.91,-1,-1,-1
1399,239,889.90,118.90,73.36,50.25,0.85,-1,-1,-1
1400,241,95.62,482.77,434.65,233.92,0.92,-1,-1,-1
1400,240,647.23,330.47,361.13,173.44,0.91,-1,-1,-1
1400,239,857.56,82.92,54.26,36.20,0.80,-1,-1,-1
1401,240,819.64,331.36,301.80,157.93,0.93,-1,-1,-1
1401,241,0.02,399.64,181.41,190.08,0.70,-1,-1,-1
1401,239,836.90,62.02,40.12,26.19,0.27,-1,-1,-1
1402,240,940.36,295.49,175.38,143.70,0.85,-1,-1,-1
1404,242,940.79,203.31,117.93,90.53,0.92,-1,-1,-1
1405,242,913.88,163.96,91.76,69.53,0.89,-1,-1,-1
1406,242,891.76,132.64,74.61,57.84,0.63,-1,-1,-1
1407,242,875.53,107.43,59.53,44.37,0.54,-1,-1,-1
1411,243,939.16,190.13,109.34,93.17,0.91,-1,-1,-1
1412,243,895.33,126.19,70.79,55.63,0.86,-1,-1,-1
1413,244,803.31,120.67,60.57,46.27,0.83,-1,-1,-1
1413,243,871.60,91.27,50.43,42.22,0.63,-1,-1,-1
1419,247,0.00,353.26,200.14,167.59,0.51,-1,-1,-1
1441,248,644.70,370.97,201.30,108.30,0.91,-1,-1,-1
1442,248,644.86,371.80,200.64,107.44,0.92,-1,-1,-1
1443,248,644.49,372.03,200.10,107.29,0.92,-1,-1,-1
1444,248,644.83,371.95,200.38,107.30,0.92,-1,-1,-1
1445,248,644.82,371.61,200.43,107.68,0.92,-1,-1,-1
1446,248,653.97,374.91,197.09,108.15,0.92,-1,-1,-1
1447,248,685.87,379.74,216.75,116.29,0.81,-1,-1,-1
1448,248,758.94,401.60,252.08,118.71,0.94,-1,-1,-1
1449,248,838.00,419.24,280.25,118.76,0.89,-1,-1,-1
1450,248,838.00,419.24,280.25,118.76,0.89,-1,-1,-1
1495,249,746.93,308.94,112.83,54.47,0.83,-1,-1,-1
1496,249,746.93,308.94,112.83,54.47,0.83,-1,-1,-1
1497,249,832.35,634.30,320.98,83.75,0.81,-1,-1,-1
1499,250,779.91,254.16,343.36,153.42,0.93,-1,-1,-1
1500,250,650.83,247.96,249.91,115.31,0.84,-1,-1,-1
1501,250,551.86,230.46,196.66,97.09,0.92,-1,-1,-1
1502,250,485.66,227.60,150.92,77.95,0.92,-1,-1,-1
1503,250,446.47,219.83,133.82,75.43,0.77,-1,-1,-1
1504,250,446.47,219.83,133.82,75.43,0.77,-1,-1,-1
1517,252,1082.89,380.28,196.68,64.89,0.55,-1,-1,-1
1518,254,694.03,312.80,169.72,74.65,0.75,-1,-1,-1
1519,254,578.57,270.73,66.71,44.22,0.72,-1,-1,-1
1520,254,407.12,253.78,69.81,40.62,0.44,-1,-1,-1
1549,259,675.76,247.76,127.78,58.58,0.56,-1,-1,-1
1550,259,589.23,245.39,171.29,70.30,0.89,-1,-1,-1
1551,259,499.30,244.29,167.71,68.80,0.87,-1,-1,-1
1552,259,403.07,242.86,179.00,75.24,0.94,-1,-1,-1
1553,259,344.20,245.78,181.86,76.44,0.91,-1,-1,-1
1553,254,250.98,268.03,106.29,46.32,0.34,-1,-1,-1
1554,259,344.20,245.78,181.86,76.44,0.91,-1,-1,-1
1554,254,250.98,268.03,106.29,46.32,0.34,-1,-1,-1
1555,259,266.50,251.17,125.05,98.92,0.71,-1,-1,-1
1556,259,266.50,251.17,125.05,98.92,0.71,-1,-1,-1
1557,259,160.16,268.11,114.68,47.49,0.38,-1,-1,-1
1558,260,334.64,277.08,165.13,142.95,0.90,-1,-1,-1
1559,260,363.47,287.85,190.66,157.95,0.91,-1,-1,-1
1560,260,395.93,303.50,206.72,169.43,0.91,-1,-1,-1
1561,260,416.17,306.38,223.56,189.54,0.90,-1,-1,-1
1562,260,427.16,308.96,228.40,190.53,0.90,-1,-1,-1
1563,260,427.30,310.13,232.38,191.18,0.91,-1,-1,-1
1564,260,428.52,310.46,233.16,191.76,0.91,-1,-1,-1
1564,261,752.68,264.04,82.61,37.38,0.79,-1,-1,-1
1565,260,428.74,310.45,233.02,192.26,0.91,-1,-1,-1
1565,261,653.63,267.73,97.11,37.70,0.80,-1,-1,-1
1566,260,428.95,309.16,232.44,193.76,0.91,-1,-1,-1
1566,261,557.59,266.63,101.11,40.84,0.86,-1,-1,-1
1567,260,429.66,314.11,232.42,188.63,0.91,-1,-1,-1
1567,261,471.05,268.15,106.97,45.71,0.89,-1,-1,-1
1568,260,428.61,311.80,233.59,190.28,0.92,-1,-1,-1
1568,261,413.24,271.79,100.59,51.03,0.77,-1,-1,-1
1569,260,428.65,309.45,233.57,193.09,0.91,-1,-1,-1
1569,261,395.94,282.65,75.56,55.36,0.80,-1,-1,-1
1570,260,423.46,310.26,238.85,192.36,0.91,-1,-1,-1
1571,260,426.19,303.03,236.13,202.55,0.92,-1,-1,-1
1572,260,426.19,303.03,236.13,202.55,0.92,-1,-1,-1
1573,260,428.56,309.97,232.46,195.54,0.90,-1,-1,-1
1574,260,428.56,309.97,232.46,195.54,0.90,-1,-1,-1
1575,260,468.34,319.73,270.29,231.24,0.94,-1,-1,-1
1576,260,536.86,345.70,340.53,281.87,0.94,-1,-1,-1
1577,260,597.21,355.23,443.68,356.80,0.88,-1,-1,-1
1578,260,597.21,355.23,443.68,356.80,0.88,-1,-1,-1
1579,261,258.43,282.54,76.48,61.15,0.70,-1,-1,-1
1579,260,1116.97,557.08,162.33,160.44,0.61,-1,-1,-1
1580,261,258.43,282.54,76.48,61.15,0.70,-1,-1,-1
1580,260,1116.97,557.08,162.33,160.44,0.61,-1,-1,-1
1583,263,753.34,528.39,389.99,186.63,0.88,-1,-1,-1
1593,264,788.64,256.63,105.98,47.66,0.78,-1,-1,-1
1594,264,789.24,256.82,101.35,47.80,0.81,-1,-1,-1
1595,264,790.42,257.13,99.16,47.89,0.81,-1,-1,-1
1596,264,790.29,255.95,102.24,49.54,0.85,-1,-1,-1
1597,264,790.01,256.69,101.78,48.80,0.83,-1,-1,-1
1598,264,790.02,256.76,103.09,49.00,0.84,-1,-1,-1
1599,264,790.34,255.82,102.32,49.89,0.82,-1,-1,-1
1600,264,790.34,255.82,102.32,49.89,0.82,-1,-1,-1
1601,264,791.54,255.80,101.50,49.54,0.81,-1,-1,-1
1602,264,791.54,255.80,101.50,49.54,0.81,-1,-1,-1
1603,265,1031.40,396.07,206.33,91.08,0.91,-1,-1,-1
1603,264,790.84,255.76,102.54,50.71,0.83,-1,-1,-1
1604,265,718.76,316.45,123.14,61.53,0.87,-1,-1,-1
1604,264,790.75,255.61,101.47,49.76,0.81,-1,-1,-1
1605,264,790.68,255.90,101.67,49.65,0.82,-1,-1,-1
1605,265,539.45,279.60,84.51,42.79,0.76,-1,-1,-1
1606,264,790.51,255.74,101.91,49.99,0.82,-1,-1,-1
1606,265,422.97,254.84,68.78,39.71,0.54,-1,-1,-1
1607,264,789.93,256.58,102.66,49.48,0.82,-1,-1,-1
1608,264,790.78,255.93,101.58,49.89,0.81,-1,-1,-1
1609,266,742.38,327.15,142.21,69.94,0.89,-1,-1,-1
1609,264,790.07,255.98,103.97,49.68,0.71,-1,-1,-1
1610,266,742.38,327.15,142.21,69.94,0.89,-1,-1,-1
1610,264,790.07,255.98,103.97,49.68,0.71,-1,-1,-1
1611,264,790.10,256.11,103.31,47.74,0.74,-1,-1,-1
1611,265,417.00,251.95,68.90,45.02,0.36,-1,-1,-1
1612,264,790.10,256.11,103.31,47.74,0.74,-1,-1,-1
1612,265,417.00,251.95,68.90,45.02,0.36,-1,-1,-1
1613,264,789.72,255.63,102.65,48.77,0.77,-1,-1,-1
1614,264,789.51,255.52,102.96,49.44,0.79,-1,-1,-1
1615,264,789.95,255.97,102.64,49.10,0.80,-1,-1,-1
1616,267,856.06,338.63,157.94,77.20,0.93,-1,-1,-1
1616,264,790.66,256.05,101.56,48.29,0.78,-1,-1,-1
1617,267,739.53,306.31,129.21,70.76,0.92,-1,-1,-1
1617,264,789.21,256.50,101.18,48.65,0.79,-1,-1,-1
1618,267,678.96,300.77,117.63,60.46,0.92,-1,-1,-1
1618,264,790.85,255.93,100.57,47.46,0.77,-1,-1,-1
1619,267,656.83,296.13,110.93,59.80,0.93,-1,-1,-1
1619,264,789.69,255.78,100.04,46.48,0.64,-1,-1,-1
1620,267,656.83,296.13,110.93,59.80,0.93,-1,-1,-1
1620,264,789.69,255.78,100.04,46.48,0.64,-1,-1,-1
1621,267,633.95,293.25,106.23,55.39,0.93,-1,-1,-1
1621,264,789.24,254.92,103.80,47.88,0.70,-1,-1,-1
1622,267,633.95,293.25,106.23,55.39,0.93,-1,-1,-1
1622,264,789.24,254.92,103.80,47.88,0.70,-1,-1,-1
1623,267,634.18,293.08,105.64,55.65,0.93,-1,-1,-1
1623,264,789.57,255.17,104.19,47.21,0.66,-1,-1,-1
1624,267,634.21,292.97,105.59,55.72,0.93,-1,-1,-1
1624,264,789.85,255.23,103.47,47.41,0.66,-1,-1,-1
1625,267,633.96,293.01,105.54,55.27,0.93,-1,-1,-1
1625,264,789.93,255.29,103.53,47.37,0.73,-1,-1,-1
1626,267,634.05,292.97,105.84,55.60,0.93,-1,-1,-1
1626,264,790.29,255.28,103.17,47.53,0.72,-1,-1,-1
1627,267,634.17,292.90,105.65,55.90,0.93,-1,-1,-1
1627,264,789.59,255.36,103.62,47.18,0.67,-1,-1,-1
1628,267,634.28,292.94,105.32,55.77,0.93,-1,-1,-1
1628,264,789.96,255.21,103.90,47.55,0.68,-1,-1,-1
1629,267,634.21,292.94,105.73,56.09,0.93,-1,-1,-1
1629,264,789.14,255.81,103.93,46.79,0.57,-1,-1,-1
1630,267,634.26,292.72,106.27,55.73,0.93,-1,-1,-1
1630,264,783.16,255.51,103.82,47.82,0.65,-1,-1,-1
1631,267,634.09,292.64,105.92,55.79,0.93,-1,-1,-1
1632,267,634.09,292.64,105.92,55.79,0.93,-1,-1,-1
1633,267,633.77,289.05,106.49,59.98,0.92,-1,-1,-1
1633,264,643.87,256.67,103.85,51.56,0.74,-1,-1,-1
1634,267,633.77,289.05,106.49,59.98,0.92,-1,-1,-1
1634,264,643.87,256.67,103.85,51.56,0.74,-1,-1,-1
1635,267,634.14,291.62,105.95,57.34,0.91,-1,-1,-1
1635,264,421.14,264.99,124.53,58.05,0.85,-1,-1,-1
1636,267,633.73,292.28,105.77,55.89,0.93,-1,-1,-1
1636,264,355.05,275.17,109.19,62.28,0.38,-1,-1,-1
1637,267,634.07,291.45,105.98,56.47,0.92,-1,-1,-1
1637,264,340.30,286.13,79.50,85.73,0.86,-1,-1,-1
1638,267,633.73,292.19,106.52,56.65,0.93,-1,-1,-1
1639,267,633.75,291.93,106.98,57.07,0.93,-1,-1,-1
1639,268,375.22,309.77,129.57,105.07,0.91,-1,-1,-1
1640,267,633.75,291.93,106.98,57.07,0.93,-1,-1,-1
1640,268,375.22,309.77,129.57,105.07,0.91,-1,-1,-1
1641,267,633.93,291.28,106.33,57.13,0.93,-1,-1,-1
1641,268,453.74,342.43,180.70,133.11,0.92,-1,-1,-1
1642,267,633.93,291.28,106.33,57.13,0.93,-1,-1,-1
1642,268,453.74,342.43,180.70,133.11,0.92,-1,-1,-1
1643,268,479.62,352.75,195.36,141.00,0.95,-1,-1,-1
1643,267,633.48,291.41,106.10,56.82,0.94,-1,-1,-1
1644,267,634.27,291.80,105.09,55.89,0.94,-1,-1,-1
1644,268,479.41,353.40,195.85,139.89,0.93,-1,-1,-1
1645,267,634.34,290.73,105.23,57.29,0.95,-1,-1,-1
1645,268,479.64,354.06,194.99,139.35,0.94,-1,-1,-1
1646,268,480.01,354.07,195.07,139.83,0.94,-1,-1,-1
1646,267,633.47,292.15,106.14,55.70,0.93,-1,-1,-1
1647,267,634.60,291.87,104.88,56.39,0.94,-1,-1,-1
1647,268,481.07,353.60,193.99,140.43,0.93,-1,-1,-1
1648,267,634.60,291.87,104.88,56.39,0.94,-1,-1,-1
1648,268,481.07,353.60,193.99,140.43,0.93,-1,-1,-1
1649,268,479.42,354.17,196.18,138.12,0.94,-1,-1,-1
1649,267,633.74,292.90,106.85,55.26,0.93,-1,-1,-1
1650,268,479.42,354.17,196.18,138.12,0.94,-1,-1,-1
1650,267,633.74,292.90,106.85,55.26,0.93,-1,-1,-1
1651,268,479.72,353.88,195.93,139.22,0.94,-1,-1,-1
1651,267,633.93,292.27,106.07,55.69,0.93,-1,-1,-1
1652,268,479.23,352.35,195.79,141.41,0.95,-1,-1,-1
1652,267,633.98,292.45,106.13,55.40,0.93,-1,-1,-1
1653,268,480.19,354.01,195.03,139.89,0.94,-1,-1,-1
1653,267,633.73,291.86,106.68,56.46,0.93,-1,-1,-1
1654,268,488.94,354.69,197.97,144.18,0.95,-1,-1,-1
1654,267,633.77,292.22,106.77,55.96,0.93,-1,-1,-1
1655,268,506.24,363.60,209.75,148.34,0.94,-1,-1,-1
1655,267,633.72,291.95,106.40,56.41,0.93,-1,-1,-1
1656,267,633.81,292.35,106.15,55.40,0.93,-1,-1,-1
1656,268,562.75,381.37,239.08,175.06,0.91,-1,-1,-1
1657,268,698.14,439.33,327.92,229.12,0.94,-1,-1,-1
1657,267,633.03,293.01,105.32,54.64,0.93,-1,-1,-1
1658,267,622.20,289.88,106.91,55.33,0.92,-1,-1,-1
1659,267,605.84,286.54,101.36,52.59,0.89,-1,-1,-1
1660,267,605.84,286.54,101.36,52.59,0.89,-1,-1,-1
1661,267,517.22,268.18,79.63,45.05,0.82,-1,-1,-1
1662,267,517.22,268.18,79.63,45.05,0.82,-1,-1,-1
1663,267,349.47,297.31,96.62,77.70,0.35,-1,-1,-1
1665,271,437.89,319.54,113.76,80.23,0.87,-1,-1,-1
1666,271,617.85,396.16,203.99,111.35,0.91,-1,-1,-1
1666,272,964.66,589.71,314.23,128.54,0.87,-1,-1,-1
1666,273,998.68,356.78,185.97,83.59,0.76,-1,-1,-1
1667,271,879.25,493.16,335.43,186.92,0.94,-1,-1,-1
1667,273,853.41,327.45,152.58,72.45,0.90,-1,-1,-1
1668,271,879.25,493.16,335.43,186.92,0.94,-1,-1,-1
1668,273,853.41,327.45,152.58,72.45,0.90,-1,-1,-1
1669,273,559.82,263.03,88.93,52.09,0.56,-1,-1,-1
1670,273,559.82,263.03,88.93,52.09,0.56,-1,-1,-1
1672,273,397.22,289.07,118.67,71.96,0.50,-1,-1,-1
1674,274,483.50,307.73,141.35,94.59,0.86,-1,-1,-1
1675,274,527.72,314.72,152.96,107.14,0.85,-1,-1,-1
1676,274,562.73,329.66,166.16,109.86,0.86,-1,-1,-1
1677,274,582.12,342.57,176.57,107.68,0.89,-1,-1,-1
1678,274,590.58,344.92,174.11,107.01,0.91,-1,-1,-1
1679,274,591.65,344.74,174.46,108.49,0.91,-1,-1,-1
1680,274,592.49,344.48,173.82,109.04,0.92,-1,-1,-1
1681,274,592.59,344.98,172.77,108.52,0.92,-1,-1,-1
1682,274,593.06,345.12,172.57,108.40,0.92,-1,-1,-1
1683,274,593.50,344.15,171.80,109.13,0.92,-1,-1,-1
1684,274,593.67,343.89,170.40,109.19,0.92,-1,-1,-1
1685,274,593.41,343.69,171.95,109.16,0.92,-1,-1,-1
1686,274,593.34,344.50,172.06,108.82,0.93,-1,-1,-1
1687,274,593.42,344.91,171.98,107.96,0.93,-1,-1,-1
1688,274,593.42,344.91,171.98,107.96,0.93,-1,-1,-1
1689,274,595.69,344.98,169.46,108.41,0.92,-1,-1,-1
1690,274,595.69,344.98,169.46,108.41,0.92,-1,-1,-1
1691,274,593.80,341.92,170.42,110.78,0.91,-1,-1,-1
1692,274,594.24,344.31,170.61,108.57,0.91,-1,-1,-1
1692,275,546.33,278.06,92.46,49.43,0.66,-1,-1,-1
1693,274,593.47,343.14,169.92,110.30,0.93,-1,-1,-1
1693,275,453.31,258.22,72.23,44.94,0.57,-1,-1,-1
1694,274,593.72,343.33,170.42,110.13,0.93,-1,-1,-1
1695,274,592.77,341.56,171.56,111.56,0.92,-1,-1,-1
1696,274,593.07,342.10,171.00,110.93,0.92,-1,-1,-1
1697,274,592.92,342.80,171.60,110.04,0.92,-1,-1,-1
1698,274,593.25,343.60,170.42,109.14,0.92,-1,-1,-1
1699,274,594.05,343.44,170.09,110.03,0.92,-1,-1,-1
1700,274,598.17,343.93,176.40,110.22,0.91,-1,-1,-1
1701,274,608.63,347.82,182.94,112.91,0.89,-1,-1,-1
1702,274,608.63,347.82,182.94,112.91,0.89,-1,-1,-1
1703,274,685.54,370.01,220.65,118.48,0.90,-1,-1,-1
1704,274,685.54,370.01,220.65,118.48,0.90,-1,-1,-1
1705,274,1105.57,400.70,174.21,122.81,0.89,-1,-1,-1
1718,273,0.00,577.29,229.81,142.71,0.71,-1,-1,-1
1720,276,263.54,554.36,319.17,150.47,0.92,-1,-1,-1
1721,276,499.65,504.16,279.49,150.43,0.95,-1,-1,-1
1722,276,499.65,504.16,279.49,150.43,0.95,-1,-1,-1
1723,276,835.57,448.74,192.24,114.59,0.93,-1,-1,-1
1724,276,835.57,448.74,192.24,114.59,0.93,-1,-1,-1
1725,276,1001.14,385.14,100.20,94.74,0.72,-1,-1,-1
1727,277,976.18,354.61,99.39,71.84,0.90,-1,-1,-1
1728,277,934.76,340.84,106.24,68.20,0.88,-1,-1,-1
1729,277,891.21,329.53,105.28,63.22,0.84,-1,-1,-1
1730,277,846.67,318.44,102.93,59.77,0.87,-1,-1,-1
1731,277,818.79,310.71,104.41,61.03,0.83,-1,-1,-1
1732,277,818.79,310.71,104.41,61.03,0.83,-1,-1,-1
1733,277,755.86,294.95,98.87,59.67,0.82,-1,-1,-1
1734,277,755.86,294.95,98.87,59.67,0.82,-1,-1,-1
1735,277,709.97,292.55,89.67,49.82,0.84,-1,-1,-1
1736,277,698.88,290.86,88.64,48.58,0.83,-1,-1,-1
1737,277,691.21,288.50,86.76,48.76,0.84,-1,-1,-1
1738,277,684.99,286.88,84.55,48.89,0.79,-1,-1,-1
1739,277,677.44,285.58,84.26,48.06,0.81,-1,-1,-1
1740,277,670.59,284.33,84.56,47.63,0.81,-1,-1,-1
1741,277,663.65,285.11,84.37,43.62,0.84,-1,-1,-1
1742,277,651.50,282.78,81.63,42.96,0.86,-1,-1,-1
1743,277,637.49,278.95,80.13,43.62,0.80,-1,-1,-1
1744,277,637.49,278.95,80.13,43.62,0.80,-1,-1,-1
1745,277,578.86,266.72,72.10,42.94,0.42,-1,-1,-1
1746,277,578.86,266.72,72.10,42.94,0.42,-1,-1,-1
1748,277,6.29,262.95,90.06,41.61,0.85,-1,-1,-1
1748,278,1230.25,438.89,49.75,125.21,0.59,-1,-1,-1
1749,278,698.97,444.92,279.28,162.71,0.94,-1,-1,-1
1749,279,983.72,387.34,215.33,102.49,0.83,-1,-1,-1
1749,280,615.06,284.39,101.46,44.15,0.82,-1,-1,-1
1750,280,783.91,326.93,162.53,91.27,0.87,-1,-1,-1
1750,278,238.18,298.50,76.59,60.65,0.50,-1,-1,-1
1753,281,483.76,450.23,223.67,163.61,0.84,-1,-1,-1
1754,281,483.76,450.23,223.67,163.61,0.84,-1,-1,-1
1755,281,509.48,324.14,143.09,95.15,0.92,-1,-1,-1
1757,283,640.79,366.50,194.99,114.82,0.91,-1,-1,-1
1758,283,653.21,370.79,196.18,116.25,0.94,-1,-1,-1
1759,283,653.69,369.77,195.89,117.43,0.94,-1,-1,-1
1760,283,653.63,369.38,193.99,117.75,0.94,-1,-1,-1
1761,283,653.17,369.40,195.03,117.72,0.94,-1,-1,-1
1762,283,653.21,368.96,194.46,118.46,0.94,-1,-1,-1
1763,283,653.34,369.20,194.53,118.23,0.94,-1,-1,-1
1764,283,653.89,369.31,193.46,118.00,0.94,-1,-1,-1
1765,283,653.75,370.21,193.82,116.73,0.94,-1,-1,-1
1766,283,653.75,370.21,193.82,116.73,0.94,-1,-1,-1
1767,283,653.33,369.41,195.18,118.68,0.94,-1,-1,-1
1768,283,653.33,369.41,195.18,118.68,0.94,-1,-1,-1
1769,283,653.72,368.27,194.47,119.98,0.95,-1,-1,-1
1770,283,653.54,368.72,194.97,119.54,0.95,-1,-1,-1
1771,283,653.91,368.39,193.47,119.88,0.96,-1,-1,-1
1772,283,653.46,368.00,193.78,120.28,0.95,-1,-1,-1
1773,283,652.54,368.01,194.82,120.31,0.95,-1,-1,-1
1774,283,653.89,368.64,193.14,119.69,0.95,-1,-1,-1
1775,283,652.92,369.97,193.73,117.96,0.95,-1,-1,-1
1776,283,652.92,369.97,193.73,117.96,0.95,-1,-1,-1
1777,283,652.60,368.49,193.70,119.94,0.95,-1,-1,-1
1777,281,539.23,282.65,92.25,47.41,0.79,-1,-1,-1
1778,283,652.60,368.49,193.70,119.94,0.95,-1,-1,-1
1778,281,539.23,282.65,92.25,47.41,0.79,-1,-1,-1
1779,283,652.85,369.13,194.49,119.03,0.95,-1,-1,-1
1780,283,652.81,369.25,194.41,118.86,0.95,-1,-1,-1
1781,283,653.45,368.57,194.24,119.68,0.96,-1,-1,-1
1782,283,653.58,368.90,193.95,119.24,0.95,-1,-1,-1
1783,283,653.24,368.96,193.45,119.27,0.95,-1,-1,-1
1784,283,653.38,369.21,193.76,118.97,0.95,-1,-1,-1
1785,283,653.29,368.68,193.39,119.66,0.95,-1,-1,-1
1786,283,655.46,369.84,193.44,118.99,0.95,-1,-1,-1
1787,283,677.36,375.56,200.40,119.51,0.95,-1,-1,-1
1788,283,726.56,388.37,228.10,125.29,0.94,-1,-1,-1
1789,283,837.87,406.16,261.63,132.21,0.95,-1,-1,-1
1790,283,1041.80,427.45,238.20,130.98,0.92,-1,-1,-1
1802,287,280.45,145.05,109.28,131.06,0.87,-1,-1,-1
1802,286,264.48,251.26,89.29,86.76,0.87,-1,-1,-1
1803,286,264.42,253.39,92.81,85.20,0.91,-1,-1,-1
1803,287,281.99,144.16,107.47,129.21,0.84,-1,-1,-1
1804,286,264.04,251.75,90.72,86.16,0.91,-1,-1,-1
1804,287,279.38,144.54,109.88,128.53,0.85,-1,-1,-1
1805,286,264.90,253.41,92.02,85.05,0.91,-1,-1,-1
1805,287,282.27,144.93,106.88,129.68,0.85,-1,-1,-1
1806,286,264.99,252.33,90.20,85.02,0.90,-1,-1,-1
1806,287,281.67,144.94,107.39,131.04,0.87,-1,-1,-1
1807,286,264.61,253.21,91.06,86.53,0.90,-1,-1,-1
1807,287,282.25,143.92,107.13,132.11,0.87,-1,-1,-1
1808,287,280.73,145.01,108.06,124.20,0.90,-1,-1,-1
1808,286,264.54,253.43,90.61,86.01,0.88,-1,-1,-1
1809,286,263.73,251.57,91.91,86.24,0.89,-1,-1,-1
1809,287,279.70,144.67,109.40,126.16,0.88,-1,-1,-1
1810,286,263.71,252.85,95.48,86.11,0.90,-1,-1,-1
1810,287,278.57,144.75,109.91,126.36,0.84,-1,-1,-1
1811,287,277.08,145.77,111.12,130.07,0.84,-1,-1,-1
1811,286,262.72,255.14,90.82,87.05,0.84,-1,-1,-1
1812,286,263.10,267.18,107.43,92.70,0.89,-1,-1,-1
1812,287,276.48,146.08,111.46,125.40,0.86,-1,-1,-1
1813,286,279.57,281.96,148.02,117.59,0.88,-1,-1,-1
1813,287,269.82,147.66,118.51,135.12,0.88,-1,-1,-1
1814,286,332.40,311.35,239.80,132.66,0.91,-1,-1,-1
1814,287,257.27,150.36,132.74,162.05,0.89,-1,-1,-1
1815,286,504.34,350.32,330.11,147.22,0.94,-1,-1,-1
1815,287,236.67,154.90,153.03,183.34,0.91,-1,-1,-1
1816,286,861.88,385.98,388.55,153.50,0.91,-1,-1,-1
1816,287,228.53,160.15,167.21,223.86,0.84,-1,-1,-1
1818,289,253.66,184.71,442.00,314.44,0.89,-1,-1,-1
1819,289,443.39,224.95,528.27,322.18,0.79,-1,-1,-1
1820,290,744.46,233.03,531.89,311.98,0.82,-1,-1,-1
1820,289,413.36,229.17,534.58,293.35,0.80,-1,-1,-1
1821,290,744.22,257.54,531.90,258.15,0.85,-1,-1,-1
1822,290,1000.62,274.93,279.38,238.97,0.94,-1,-1,-1
1860,295,1074.33,319.92,205.67,92.86,0.91,-1,-1,-1
1864,296,0.34,373.76,204.50,138.61,0.86,-1,-1,-1
1865,296,604.50,364.57,342.79,144.91,0.91,-1,-1,-1
1865,297,0.31,473.84,287.72,170.60,0.91,-1,-1,-1
1866,297,705.87,464.02,416.21,172.94,0.92,-1,-1,-1
1866,296,1242.49,346.37,37.51,120.81,0.42,-1,-1,-1
1868,297,966.74,334.11,312.92,147.74,0.89,-1,-1,-1
1905,299,496.72,420.08,189.15,170.39,0.93,-1,-1,-1
1906,299,470.54,339.72,147.40,124.61,0.93,-1,-1,-1
1907,299,452.76,283.88,116.83,91.26,0.94,-1,-1,-1
1907,300,535.71,419.24,211.11,198.40,0.90,-1,-1,-1
1908,300,502.51,331.25,162.08,145.77,0.90,-1,-1,-1
1908,299,438.47,236.36,98.60,82.64,0.70,-1,-1,-1
1909,299,441.32,211.37,79.56,58.96,0.84,-1,-1,-1
1909,300,483.87,269.47,115.48,109.35,0.71,-1,-1,-1
1910,300,459.38,224.13,95.44,85.67,0.87,-1,-1,-1
1910,299,433.96,189.19,67.79,52.10,0.26,-1,-1,-1
1912,300,427.11,166.13,88.23,68.49,0.28,-1,-1,-1
1914,301,222.21,156.21,85.04,29.75,0.83,-1,-1,-1
1915,301,335.06,152.25,78.34,32.62,0.87,-1,-1,-1
1928,303,1.02,288.41,527.12,232.87,0.91,-1,-1,-1
1929,303,333.89,285.94,531.76,224.91,0.85,-1,-1,-1
1930,303,696.33,283.23,526.53,219.22,0.90,-1,-1,-1
1931,303,1044.61,278.98,235.39,211.23,0.90,-1,-1,-1
1939,301,410.05,147.20,97.25,31.26,0.44,-1,-1,-1
1940,301,946.48,431.78,333.52,161.34,0.92,-1,-1,-1
1942,305,1002.03,331.74,277.97,114.27,0.90,-1,-1,-1
1969,308,619.93,143.14,87.89,32.25,0.81,-1,-1,-1
1970,308,397.83,143.43,90.69,33.04,0.61,-1,-1,-1
1971,308,164.51,144.24,97.79,35.75,0.47,-1,-1,-1
1972,308,164.51,144.24,97.79,35.75,0.47,-1,-1,-1
2007,310,602.92,143.68,71.87,30.63,0.78,-1,-1,-1
2010,311,520.42,150.74,85.14,35.16,0.76,-1,-1,-1
2011,311,432.48,151.04,91.53,37.50,0.82,-1,-1,-1
2012,311,354.19,152.50,97.60,40.88,0.70,-1,-1,-1
2013,311,302.79,157.64,83.59,48.56,0.69,-1,-1,-1
2019,312,278.41,203.09,85.34,95.68,0.68,-1,-1,-1
2020,312,274.94,222.28,90.76,95.33,0.77,-1,-1,-1
2021,312,277.25,234.21,89.32,96.25,0.82,-1,-1,-1
2022,312,276.94,235.60,85.82,97.67,0.86,-1,-1,-1
2023,312,273.85,235.31,90.17,96.92,0.90,-1,-1,-1
2024,312,273.85,235.31,90.17,96.92,0.90,-1,-1,-1
2025,312,275.77,237.13,89.30,94.01,0.86,-1,-1,-1
2026,312,275.77,237.13,89.30,94.01,0.86,-1,-1,-1
2027,312,275.92,235.99,89.08,93.60,0.89,-1,-1,-1
2028,312,275.92,235.99,89.08,93.60,0.89,-1,-1,-1
2029,312,274.77,237.18,90.67,92.68,0.89,-1,-1,-1
2030,312,274.77,237.18,90.67,92.68,0.89,-1,-1,-1
2031,312,275.43,237.00,90.85,91.68,0.86,-1,-1,-1
2032,312,275.96,237.26,88.86,92.85,0.89,-1,-1,-1
2033,312,275.27,237.05,89.33,94.10,0.89,-1,-1,-1
2034,312,275.24,236.79,90.01,94.18,0.87,-1,-1,-1
2035,312,275.29,236.92,88.80,95.24,0.89,-1,-1,-1
2036,312,275.88,236.63,88.11,95.33,0.88,-1,-1,-1
2037,312,275.13,238.16,90.04,95.08,0.89,-1,-1,-1
2038,312,275.00,238.03,90.43,95.41,0.90,-1,-1,-1
2039,312,273.08,237.76,92.97,96.67,0.91,-1,-1,-1
2040,312,274.30,237.36,92.49,94.49,0.89,-1,-1,-1
2041,312,273.03,238.47,91.42,96.06,0.92,-1,-1,-1
2042,312,272.53,238.17,92.15,96.71,0.91,-1,-1,-1
2043,312,273.22,236.98,92.28,97.77,0.91,-1,-1,-1
2044,312,273.22,236.54,92.64,98.07,0.91,-1,-1,-1
2045,312,274.32,237.07,91.69,96.65,0.91,-1,-1,-1
2046,312,273.95,237.63,91.09,95.26,0.90,-1,-1,-1
2047,312,273.91,238.05,91.65,95.91,0.91,-1,-1,-1
2047,314,983.77,410.51,296.07,146.92,0.89,-1,-1,-1
2048,312,272.79,237.82,93.57,96.92,0.91,-1,-1,-1
2048,314,462.85,357.14,361.82,130.86,0.90,-1,-1,-1
2049,312,273.07,237.91,92.68,97.85,0.91,-1,-1,-1
2050,312,272.59,237.45,92.61,97.76,0.91,-1,-1,-1
2051,312,272.86,237.73,93.29,97.73,0.91,-1,-1,-1
2052,312,273.06,237.78,92.40,97.71,0.91,-1,-1,-1
2053,312,273.59,237.70,91.84,96.50,0.91,-1,-1,-1
2054,312,273.59,237.75,92.35,96.26,0.91,-1,-1,-1
2055,312,273.05,239.38,93.42,94.75,0.92,-1,-1,-1
2056,312,272.96,239.07,93.18,95.45,0.92,-1,-1,-1
2057,312,273.16,238.78,92.43,95.88,0.91,-1,-1,-1
2058,312,273.12,238.58,92.71,96.09,0.91,-1,-1,-1
2059,312,273.36,238.58,92.11,95.62,0.91,-1,-1,-1
2060,312,273.36,238.58,92.11,95.62,0.91,-1,-1,-1
2061,312,273.19,237.86,90.91,98.04,0.91,-1,-1,-1
2062,312,272.55,239.40,94.84,93.88,0.78,-1,-1,-1
2063,312,273.42,237.99,90.68,95.44,0.78,-1,-1,-1
2064,312,273.94,238.31,89.96,96.18,0.85,-1,-1,-1
2065,312,273.29,238.28,89.70,96.90,0.86,-1,-1,-1
2066,312,272.76,238.50,97.87,96.09,0.76,-1,-1,-1
2067,312,275.03,237.14,91.55,98.34,0.48,-1,-1,-1
2068,312,272.75,250.23,95.04,90.63,0.74,-1,-1,-1
2069,312,272.04,256.87,92.78,92.42,0.81,-1,-1,-1
2070,312,493.75,558.54,281.16,158.46,0.92,-1,-1,-1
2072,315,454.05,322.67,135.45,125.01,0.91,-1,-1,-1
2072,316,255.15,287.99,104.98,128.65,0.83,-1,-1,-1
2073,315,440.78,263.85,106.16,90.06,0.86,-1,-1,-1
2073,316,275.74,307.50,165.79,142.65,0.81,-1,-1,-1
2074,316,365.42,341.46,275.15,160.39,0.94,-1,-1,-1
2074,315,428.68,224.12,93.16,76.70,0.78,-1,-1,-1
2075,316,645.77,378.51,327.52,172.75,0.94,-1,-1,-1
2075,315,425.97,199.73,83.82,61.47,0.85,-1,-1,-1
2076,316,1059.59,408.89,220.41,151.98,0.86,-1,-1,-1
2081,317,210.58,149.30,99.21,33.66,0.72,-1,-1,-1
2082,317,136.44,151.70,83.50,32.71,0.65,-1,-1,-1
2083,317,61.74,155.27,52.96,26.96,0.56,-1,-1,-1
2084,317,61.74,155.27,52.96,26.96,0.56,-1,-1,-1
2113,320,953.63,368.50,323.58,118.44,0.92,-1,-1,-1
2146,315,379.34,143.34,85.60,33.05,0.32,-1,-1,-1
2155,321,502.74,386.84,155.85,159.60,0.87,-1,-1,-1
2156,321,478.78,293.51,125.59,107.54,0.84,-1,-1,-1
2157,321,452.40,233.49,103.42,82.59,0.74,-1,-1,-1
2158,321,433.73,204.73,89.22,62.04,0.34,-1,-1,-1
2281,322,640.92,266.67,206.23,155.19,0.92,-1,-1,-1
2282,322,511.80,243.44,95.54,86.95,0.88,-1,-1,-1
2283,322,454.16,234.95,63.94,57.92,0.87,-1,-1,-1
2284,322,454.16,234.95,63.94,57.92,0.87,-1,-1,-1
2285,322,454.16,234.95,63.94,57.92,0.87,-1,-1,-1
2368,323,622.34,304.96,145.56,80.31,0.91,-1,-1,-1
2369,323,485.96,267.28,69.62,42.13,0.92,-1,-1,-1
2402,325,0.01,483.65,184.41,231.32,0.90,-1,-1,-1
2403,325,0.13,578.39,168.33,139.41,0.66,-1,-1,-1
2404,325,0.00,672.89,103.18,44.53,0.65,-1,-1,-1
2447,326,688.02,321.36,248.08,186.32,0.62,-1,-1,-1
2448,326,530.09,279.98,131.50,106.72,0.77,-1,-1,-1
2449,326,457.45,260.88,75.70,74.04,0.85,-1,-1,-1
2450,326,412.58,256.65,61.90,47.09,0.72,-1,-1,-1
2451,326,412.58,256.65,61.90,47.09,0.72,-1,-1,-1
2452,326,412.58,256.65,61.90,47.09,0.72,-1,-1,-1
2453,326,412.58,256.65,61.90,47.09,0.72,-1,-1,-1
2455,328,556.30,287.27,147.54,114.32,0.89,-1,-1,-1
2456,328,462.24,261.41,71.13,70.50,0.89,-1,-1,-1
2486,323,21.72,335.43,120.16,103.66,0.44,-1,-1,-1
